1.526694
0.916951
0.610660
0.761429
0.478322
0.166571
-0.054767
-0.184340
-0.253084
-0.303138
-0.313579
-0.309318
-0.305880
-0.295026
-0.282092
-0.264443
-0.244204
-0.227744
-0.209310
-0.193906
-0.181069
-0.169068
-0.157919
-0.146738
-0.137534
-0.129564
-0.124155
-0.119464
-0.114926
-0.114434
-0.116843
-0.118462
-0.120733
-0.121640
-0.120881
-0.120033
-0.119590
-0.119685
-0.118917
-0.117657
-0.109386
-0.102726
-0.097317
-0.091473
-0.089815
-0.087603
-0.088213
-0.085497
-0.083177
-0.079518
-0.076026
-0.073836
-0.071850
-0.070996
-0.069640
-0.071772
-0.073279
-0.076201
-0.079286
-0.085111
-0.092382
-0.098035
-0.102555
-0.115739
-0.124479
-0.135843
-0.154318
-0.177035
-0.205742
-0.236495
-0.264200
-0.296880
-0.326753
