1.785855
1.312006
1.068031
1.146124
1.107495
0.868260
0.694501
0.599484
0.522456
0.450334
0.382369
0.321292
0.269143
0.236347
0.212775
0.192398
0.175137
0.160484
0.140981
0.123092
0.103692
0.085644
0.067913
0.051173
0.034249
0.014930
-0.007695
-0.032708
-0.052925
-0.071913
-0.091617
-0.105510
-0.115678
-0.121333
-0.124513
-0.125591
-0.122540
-0.114506
-0.105805
-0.096895
-0.085755
-0.075942
-0.068307
-0.061778
-0.058329
-0.057560
-0.058149
-0.059481
-0.055704
-0.058196
-0.064328
-0.072805
-0.089969
-0.107809
-0.120750
-0.142121
-0.167796
-0.199259
-0.234756
-0.272220
-0.312273
-0.356903
-0.399955
-0.464211
-0.524469
-0.594844
-0.668694
-0.736770
-0.808402
-0.884601
-0.942643
-1.072552
-1.130525
