1.401424
0.794476
0.453846
0.656538
0.526791
0.411904
0.182746
0.062668
0.058276
0.080051
0.117748
0.152219
0.170107
0.179077
0.185039
0.206606
0.252914
0.292330
0.308649
0.313150
0.319996
0.329659
0.332451
0.336006
0.334135
0.328221
0.319135
0.304014
0.282069
0.259170
0.238729
0.211348
0.183868
0.151090
0.114838
0.082509
0.038910
-0.007155
-0.067852
-0.119898
-0.171030
-0.221606
-0.265915
-0.276784
-0.268621
-0.288687
-0.318263
-0.349159
-0.315512
-0.334159
-0.354346
-0.374544
-0.399853
-0.427344
-0.457937
-0.462377
-0.445543
-0.476600
-0.461127
-0.494740
-0.545959
-0.578855
-0.619714
-0.700718
-0.783138
-0.783031
-0.898908
-1.035958
-1.158895
-1.033045
-1.116844
-1.214607
-1.363403
