1.509306
0.949612
0.685632
0.771549
0.607183
0.425341
0.288554
0.212662
0.161702
0.126716
0.105810
0.093100
0.085038
0.081789
0.078869
0.077635
0.069904
0.067731
0.065987
0.064175
0.064240
0.063826
0.061403
0.056112
0.049048
0.039398
0.027709
0.014875
0.000375
-0.018900
-0.045122
-0.075737
-0.105248
-0.132821
-0.159113
-0.181803
-0.196030
-0.207217
-0.213753
-0.214352
-0.210987
-0.202896
-0.186976
-0.168543
-0.151480
-0.135207
-0.121188
-0.108479
-0.096818
-0.088129
-0.082672
-0.081682
-0.084925
-0.091760
-0.100300
-0.117661
-0.135876
-0.158287
-0.183249
-0.209506
-0.236033
-0.262776
-0.289930
-0.316026
-0.342695
-0.371472
-0.397321
-0.433124
-0.472178
-0.513479
-0.572570
-0.636840
-0.711537
