1.373418
0.867416
0.680875
0.833987
0.694237
0.553557
0.445975
0.385687
0.353252
0.326698
0.308193
0.293645
0.280251
0.265184
0.246666
0.225389
0.201922
0.176131
0.147660
0.119407
0.090252
0.061623
0.034480
0.008414
-0.016331
-0.041348
-0.060973
-0.074599
-0.084171
-0.088797
-0.092359
-0.094826
-0.097457
-0.098741
-0.098486
-0.097953
-0.098518
-0.098951
-0.100825
-0.104055
-0.107886
-0.111791
-0.115922
-0.119624
-0.123065
-0.124794
-0.127335
-0.131336
-0.133747
-0.136407
-0.138620
-0.140007
-0.143051
-0.146801
-0.155113
-0.161613
-0.172004
-0.184648
-0.200029
-0.218067
-0.241561
-0.264342
-0.291185
-0.318354
-0.351731
-0.387183
-0.426632
-0.463667
-0.511054
-0.558595
-0.615787
-0.670152
-0.724275
