1.364809
0.835216
0.605215
0.675656
0.514560
0.331170
0.176749
0.107225
0.078041
0.072928
0.079166
0.090821
0.097546
0.101871
0.102938
0.101195
0.098973
0.098533
0.097821
0.097758
0.097599
0.095976
0.091817
0.086603
0.077759
0.067175
0.054569
0.042249
0.029911
0.015050
-0.002952
-0.021787
-0.038493
-0.056797
-0.076707
-0.097108
-0.119711
-0.142447
-0.162683
-0.179876
-0.194745
-0.208111
-0.219279
-0.227408
-0.233292
-0.234460
-0.232407
-0.227232
-0.221150
-0.211178
-0.198314
-0.184160
-0.170112
-0.156919
-0.145562
-0.136231
-0.128695
-0.123375
-0.121071
-0.122989
-0.130544
-0.144078
-0.163045
-0.184919
-0.212474
-0.244258
-0.281027
-0.323087
-0.363547
-0.407929
-0.453840
-0.504901
-0.553064
