1.658194
1.092409
0.841618
0.792880
0.816385
0.601734
0.463718
0.396109
0.375386
0.377026
0.412242
0.433140
0.446913
0.462415
0.476265
0.485408
0.493822
0.498053
0.496787
0.486738
0.467625
0.445209
0.417357
0.387996
0.353615
0.314175
0.268279
0.227107
0.184595
0.144430
0.096796
0.041100
-0.020454
-0.087374
-0.157437
-0.219934
-0.284395
-0.337618
-0.386105
-0.428405
-0.458022
-0.466589
-0.465810
-0.456955
-0.449673
-0.447245
-0.447421
-0.446150
-0.446799
-0.462561
-0.481449
-0.499213
-0.512450
-0.515731
-0.555110
-0.565370
-0.572221
-0.583768
-0.630982
-0.653857
-0.657391
-0.692024
-0.689095
-0.717779
-0.730375
-0.792773
-0.746705
-0.843291
-0.940678
-0.977159
-0.920657
-0.966242
-1.022221
