1.684285
1.119930
0.940525
1.043203
0.968003
0.791894
0.679851
0.599368
0.546343
0.516807
0.490515
0.470048
0.455894
0.443136
0.430905
0.416894
0.400176
0.383334
0.368087
0.352892
0.336624
0.321857
0.307703
0.295650
0.280297
0.266923
0.252167
0.237931
0.224183
0.212546
0.204147
0.197760
0.192997
0.187995
0.182826
0.175565
0.166946
0.155815
0.139805
0.118923
0.097298
0.072419
0.042031
0.010988
-0.022969
-0.061429
-0.104864
-0.145517
-0.185744
-0.225448
-0.260472
-0.293875
-0.327882
-0.349501
-0.383384
-0.408277
-0.444551
-0.474731
-0.516763
-0.553209
-0.600510
-0.647578
-0.692053
-0.754489
-0.818112
-0.887432
-0.947662
-1.022461
-1.097296
-1.148807
-1.212389
-1.248570
-1.288887
