1.302633
0.726365
0.431056
0.330469
0.259099
0.195080
0.159193
0.154184
0.169870
0.171471
0.158311
0.142798
0.125422
0.098733
0.074119
0.056106
0.033800
0.007218
-0.021930
-0.056666
-0.102387
-0.149916
-0.188607
-0.218516
-0.248328
-0.270580
-0.294380
-0.310941
-0.321655
-0.336902
-0.347074
-0.359237
-0.369100
-0.380182
-0.396159
-0.414980
-0.424610
-0.418282
-0.403002
-0.378915
-0.347958
-0.320427
-0.285702
-0.247440
-0.207267
-0.164108
-0.114326
-0.073677
-0.038945
-0.006066
0.030666
0.059438
0.081269
0.097448
0.107788
0.109716
0.098197
0.066823
0.033848
-0.004043
-0.062511
-0.120670
-0.214202
-0.298706
-0.399842
-0.498465
-0.582739
-0.708221
-0.782504
-0.839494
-0.908961
-0.984254
-1.048351
