1.459854
0.916486
0.672766
0.603747
0.556025
0.420336
0.318659
0.259102
0.219117
0.201283
0.187026
0.177918
0.175968
0.181004
0.174062
0.180655
0.186515
0.189204
0.187465
0.189379
0.194601
0.199418
0.201931
0.207893
0.208122
0.206403
0.203428
0.200963
0.197056
0.193107
0.185083
0.175586
0.166875
0.154207
0.142675
0.128375
0.111692
0.096975
0.080503
0.064379
0.044695
0.018445
-0.014945
-0.055110
-0.090945
-0.110867
-0.141212
-0.163311
-0.184766
-0.210077
-0.233552
-0.259526
-0.280701
-0.310096
-0.324174
-0.349897
-0.383792
-0.418783
-0.451468
-0.485784
-0.530295
-0.564149
-0.621221
-0.689086
-0.734453
-0.778309
-0.825699
-0.837544
-0.883994
-0.932360
-0.968571
-1.030705
-1.119517
