1.478790
0.985025
0.824023
0.910604
0.776625
0.626203
0.499134
0.441229
0.411975
0.394011
0.384402
0.380652
0.379013
0.377488
0.374673
0.370358
0.362777
0.352156
0.342387
0.329788
0.317255
0.302016
0.286550
0.268904
0.249922
0.230514
0.209844
0.185399
0.160263
0.131345
0.100935
0.069700
0.037352
0.006550
-0.028556
-0.062345
-0.095515
-0.125385
-0.152461
-0.173936
-0.196806
-0.221715
-0.241981
-0.266527
-0.290372
-0.319455
-0.350730
-0.383629
-0.414392
-0.456956
-0.493331
-0.535088
-0.571463
-0.587300
-0.611310
-0.657549
-0.678404
-0.706196
-0.736426
-0.793348
-0.825600
-0.878344
-0.909215
-0.937062
-0.947662
-0.992006
-1.026109
-1.062981
-1.070117
-1.110640
-1.139201
-1.146724
-1.271193
