1.538072
0.962071
0.642014
0.726269
0.403094
0.054975
-0.194632
-0.264357
-0.295956
-0.315071
-0.327272
-0.324606
-0.317692
-0.305383
-0.287944
-0.270432
-0.255307
-0.238770
-0.222281
-0.204515
-0.187373
-0.171881
-0.159041
-0.147302
-0.136236
-0.128167
-0.119757
-0.112114
-0.105036
-0.095033
-0.086614
-0.080385
-0.074595
-0.070198
-0.067953
-0.066969
-0.068056
-0.069353
-0.070403
-0.071741
-0.073980
-0.076299
-0.078361
-0.077804
-0.080485
-0.084232
-0.085030
-0.082765
-0.080297
-0.076272
-0.072613
-0.069684
-0.066992
-0.062985
-0.060068
-0.061958
-0.060437
-0.059606
-0.061689
-0.067267
-0.075305
-0.086754
-0.102390
-0.119205
-0.138953
-0.166203
-0.201131
-0.235445
-0.275657
-0.311474
-0.358790
-0.405476
-0.465186
