1.250384
0.703956
0.476104
0.523980
0.354207
0.177592
0.030868
-0.047263
-0.087404
-0.100972
-0.098850
-0.087378
-0.068586
-0.045045
-0.018154
0.007106
0.032655
0.058049
0.079393
0.097757
0.112536
0.124975
0.134217
0.139263
0.142299
0.142280
0.139744
0.134459
0.126568
0.116290
0.104160
0.091687
0.078837
0.064569
0.049647
0.034739
0.021177
0.007239
-0.005998
-0.018206
-0.029055
-0.041369
-0.052647
-0.063282
-0.073532
-0.083009
-0.090995
-0.098769
-0.105910
-0.114327
-0.123918
-0.133156
-0.142905
-0.153545
-0.163708
-0.175803
-0.189370
-0.204900
-0.221398
-0.241244
-0.260402
-0.282671
-0.303760
-0.327031
-0.354153
-0.385252
-0.419141
-0.455722
-0.492700
-0.535890
-0.580274
-0.626139
-0.675213
