1.670739
1.103555
0.864268
0.959993
0.825112
0.615181
0.454890
0.356675
0.302492
0.271486
0.250287
0.248742
0.250854
0.254607
0.255279
0.251148
0.246912
0.242580
0.231786
0.223699
0.213490
0.204775
0.195867
0.185295
0.173752
0.161880
0.151500
0.142000
0.132510
0.123011
0.113614
0.105617
0.097945
0.091858
0.085937
0.077475
0.066501
0.055087
0.040436
0.025162
0.009765
-0.007065
-0.027072
-0.046807
-0.069522
-0.093359
-0.113407
-0.138701
-0.162636
-0.184248
-0.203392
-0.226047
-0.252137
-0.273366
-0.297829
-0.319683
-0.340846
-0.357365
-0.376914
-0.396181
-0.416343
-0.434100
-0.452527
-0.477158
-0.500755
-0.526751
-0.558889
-0.596206
-0.644339
-0.697876
-0.749039
-0.803152
-0.849529
