1.606516
1.082977
0.852495
0.922877
0.695695
0.483338
0.324484
0.236987
0.178859
0.132248
0.092734
0.064299
0.043457
0.026339
0.017360
0.011554
0.005119
0.000619
0.000135
0.000201
-0.000748
-0.003049
-0.004683
-0.004081
-0.000032
0.004030
0.008110
0.013262
0.014912
0.016475
0.018001
0.018505
0.017526
0.013971
0.010000
0.004879
-0.001188
-0.008922
-0.019588
-0.032459
-0.046778
-0.061922
-0.078785
-0.096117
-0.111757
-0.123050
-0.136222
-0.149650
-0.161748
-0.171144
-0.183433
-0.192206
-0.201837
-0.210536
-0.218716
-0.230506
-0.245435
-0.262554
-0.272095
-0.281149
-0.295229
-0.308436
-0.330814
-0.345919
-0.366776
-0.393599
-0.417551
-0.455473
-0.498622
-0.548138
-0.600774
-0.653751
-0.729845
