1.313311
0.745948
0.512818
0.694741
0.487317
0.254752
0.075721
-0.017197
-0.053443
-0.062685
-0.059322
-0.047251
-0.028568
-0.005785
0.018840
0.050416
0.080533
0.111975
0.139049
0.160409
0.178763
0.194602
0.206247
0.213102
0.214723
0.213331
0.207488
0.197389
0.183489
0.165400
0.144301
0.120457
0.093571
0.062948
0.030720
-0.003780
-0.040118
-0.078480
-0.117316
-0.153576
-0.187684
-0.218756
-0.242574
-0.261937
-0.274201
-0.282814
-0.287751
-0.291896
-0.288126
-0.285104
-0.280204
-0.273725
-0.268899
-0.265590
-0.263237
-0.259544
-0.253946
-0.258812
-0.259796
-0.268116
-0.277343
-0.283387
-0.293866
-0.307039
-0.321023
-0.332579
-0.348676
-0.364526
-0.382459
-0.398966
-0.423273
-0.449782
-0.483220
