1.198300
0.542909
0.472451
0.557103
0.764535
0.563178
0.470621
0.457338
0.477304
0.496849
0.519713
0.527778
0.537215
0.541897
0.543704
0.540837
0.535614
0.524879
0.512216
0.496134
0.476822
0.454377
0.427324
0.398148
0.360800
0.315630
0.279635
0.248093
0.212072
0.172463
0.121423
0.069491
0.013031
-0.045196
-0.096894
-0.141695
-0.169202
-0.185054
-0.196359
-0.209313
-0.208054
-0.199064
-0.181849
-0.162691
-0.148953
-0.133799
-0.119664
-0.106795
-0.098461
-0.088753
-0.090734
-0.099947
-0.106965
-0.132488
-0.168004
-0.209596
-0.265125
-0.323341
-0.392983
-0.405292
-0.444937
-0.471108
-0.519069
-0.532369
-0.588365
-0.648871
-0.711074
-0.775850
-0.873815
-0.965530
-1.055326
-1.125477
-1.176848
