0.868172
0.567735
0.533740
0.651229
0.650884
0.603738
0.589687
0.615787
0.646771
0.656026
0.656798
0.648456
0.630260
0.603544
0.572871
0.537135
0.499804
0.462549
0.414602
0.365437
0.321963
0.299484
0.284144
0.275069
0.266704
0.260054
0.259201
0.258175
0.255769
0.249975
0.233435
0.207488
0.183421
0.156258
0.125380
0.084196
0.034465
-0.026904
-0.087026
-0.155161
-0.217057
-0.270079
-0.316785
-0.354269
-0.384264
-0.399296
-0.422522
-0.434486
-0.441715
-0.446344
-0.450447
-0.456450
-0.464380
-0.474081
-0.488163
-0.495357
-0.503390
-0.509639
-0.507645
-0.510975
-0.530037
-0.542359
-0.550858
-0.578387
-0.589830
-0.617488
-0.698050
-0.792980
-0.887681
-0.824982
-0.931678
-1.008105
-1.107464
