1.386458
0.848879
0.661442
0.843636
0.728458
0.542782
0.402771
0.302963
0.248157
0.212224
0.189782
0.175205
0.166575
0.162599
0.162780
0.162851
0.162087
0.158370
0.152107
0.143455
0.131840
0.119074
0.103202
0.088095
0.074001
0.062442
0.052018
0.041781
0.031511
0.022072
0.014997
0.010006
0.011321
0.013297
0.015400
0.017858
0.020841
0.024865
0.029853
0.033735
0.037013
0.040109
0.041118
0.039763
0.034623
0.026152
0.016898
0.000773
-0.012009
-0.026858
-0.047775
-0.073192
-0.105201
-0.139985
-0.182246
-0.225223
-0.264363
-0.313478
-0.363391
-0.418979
-0.473411
-0.529196
-0.576977
-0.621281
-0.661394
-0.699068
-0.731287
-0.772672
-0.791370
-0.837885
-0.882983
-0.922806
-0.987557
