1.069749
0.520467
0.326514
0.689004
0.379399
0.023456
-0.232360
-0.351742
-0.395106
-0.400947
-0.379516
-0.351583
-0.322184
-0.289569
-0.257106
-0.227958
-0.197204
-0.167133
-0.144977
-0.128763
-0.113009
-0.096764
-0.079439
-0.063704
-0.048734
-0.035804
-0.023046
-0.010106
0.001572
0.014091
0.023374
0.029059
0.031736
0.031503
0.028485
0.021135
0.010029
-0.003996
-0.018762
-0.037082
-0.054870
-0.079663
-0.106312
-0.136622
-0.166750
-0.192053
-0.213733
-0.226498
-0.230010
-0.223146
-0.208038
-0.188549
-0.163842
-0.141419
-0.119039
-0.095823
-0.075025
-0.056998
-0.039934
-0.025959
-0.023126
-0.028946
-0.039386
-0.058156
-0.082499
-0.115655
-0.164658
-0.218045
-0.277442
-0.355931
-0.421982
-0.494012
-0.557999
