1.692512
1.184522
0.930420
0.963962
0.838623
0.643632
0.500813
0.403773
0.333874
0.280423
0.246043
0.219683
0.197027
0.181666
0.169670
0.160570
0.152377
0.143575
0.136947
0.128841
0.119464
0.109181
0.098405
0.088360
0.079074
0.068368
0.055778
0.044854
0.033568
0.023086
0.012586
0.001410
-0.009616
-0.019494
-0.030750
-0.039669
-0.048564
-0.058425
-0.066795
-0.073481
-0.081836
-0.090254
-0.095321
-0.099191
-0.102840
-0.106416
-0.110798
-0.113698
-0.117322
-0.119286
-0.122613
-0.126319
-0.129851
-0.138761
-0.147827
-0.159682
-0.172585
-0.188424
-0.204959
-0.220691
-0.243650
-0.273413
-0.308819
-0.348088
-0.386184
-0.423076
-0.468908
-0.519848
-0.571553
-0.633475
-0.698058
-0.756799
-0.827820
