1.169483
0.630887
0.412745
0.539232
0.372775
0.158083
0.014439
-0.039490
-0.057111
-0.057931
-0.051830
-0.040365
-0.033077
-0.017960
-0.004542
0.009684
0.022067
0.031867
0.034518
0.033560
0.027945
0.019571
0.007906
-0.002505
-0.013976
-0.024789
-0.035053
-0.045596
-0.054669
-0.061071
-0.066917
-0.071450
-0.073634
-0.073128
-0.071168
-0.067280
-0.061374
-0.052336
-0.041398
-0.029998
-0.018196
-0.006917
0.002891
0.011890
0.019215
0.024827
0.030847
0.031035
0.028420
0.022764
0.013802
0.002344
-0.012623
-0.031128
-0.047736
-0.069996
-0.093992
-0.121112
-0.152707
-0.182700
-0.214231
-0.249491
-0.284149
-0.320595
-0.356767
-0.392725
-0.433421
-0.477317
-0.527175
-0.579128
-0.635147
-0.689298
-0.749376
