1.342227
0.746921
0.552560
0.747272
0.585944
0.335130
0.135419
0.042492
-0.005865
-0.040588
-0.048423
-0.042193
-0.042828
-0.051853
-0.062937
-0.074005
-0.084642
-0.094888
-0.103339
-0.111881
-0.119270
-0.127528
-0.137169
-0.145359
-0.151566
-0.157310
-0.163121
-0.165195
-0.164244
-0.160072
-0.153757
-0.148431
-0.143040
-0.138106
-0.132724
-0.125904
-0.120317
-0.115521
-0.111605
-0.108429
-0.106951
-0.103243
-0.104346
-0.106055
-0.109737
-0.114432
-0.115078
-0.115567
-0.109376
-0.111674
-0.111419
-0.110183
-0.109202
-0.107419
-0.105022
-0.101846
-0.099027
-0.099577
-0.098820
-0.105113
-0.111074
-0.118867
-0.126907
-0.137613
-0.154135
-0.176605
-0.198790
-0.226049
-0.260878
-0.302803
-0.345211
-0.399550
-0.457893
