1.395396
0.924605
0.736132
0.831594
0.833775
0.651950
0.500048
0.450924
0.422634
0.400282
0.392818
0.390939
0.385786
0.374078
0.370300
0.364820
0.361692
0.358870
0.350040
0.336759
0.322782
0.309418
0.296189
0.281628
0.266153
0.245175
0.228025
0.209014
0.186683
0.162460
0.138765
0.112885
0.085187
0.058272
0.028256
-0.001462
-0.029923
-0.062129
-0.093795
-0.119966
-0.146177
-0.166883
-0.192146
-0.216877
-0.229636
-0.251810
-0.263914
-0.284410
-0.306917
-0.317732
-0.334512
-0.352588
-0.370632
-0.412402
-0.437341
-0.455456
-0.489989
-0.521523
-0.546050
-0.577155
-0.584373
-0.617161
-0.648332
-0.695006
-0.752956
-0.826944
-0.852681
-0.940338
-0.978100
-1.031139
-1.103482
-1.147484
-1.214630
