1.489697
0.991304
0.773133
0.852086
0.690224
0.500284
0.352254
0.294823
0.269526
0.252000
0.238455
0.226504
0.217402
0.211453
0.208691
0.210900
0.214410
0.219479
0.223066
0.224494
0.226425
0.228053
0.230475
0.229422
0.227531
0.226069
0.222313
0.215986
0.207346
0.195474
0.179769
0.160835
0.141639
0.122641
0.101242
0.081064
0.061191
0.043838
0.028610
0.015119
-0.000349
-0.014413
-0.027328
-0.039084
-0.049709
-0.061142
-0.072006
-0.081805
-0.093468
-0.106094
-0.120647
-0.136098
-0.153277
-0.171163
-0.188399
-0.208008
-0.232561
-0.261242
-0.289424
-0.315479
-0.348650
-0.381532
-0.417770
-0.448727
-0.489245
-0.535296
-0.586202
-0.644146
-0.700914
-0.763604
-0.829209
-0.910974
-0.992940
