1.488164
0.902770
0.660268
0.857385
0.708733
0.435810
0.252410
0.154769
0.088117
0.042541
0.017393
-0.002221
-0.024518
-0.042501
-0.059244
-0.076901
-0.088962
-0.102500
-0.109839
-0.116100
-0.121497
-0.126258
-0.129594
-0.133094
-0.135504
-0.134421
-0.132748
-0.127843
-0.122209
-0.116122
-0.110622
-0.105253
-0.100931
-0.095822
-0.090209
-0.085240
-0.079735
-0.073384
-0.068467
-0.065533
-0.066741
-0.068815
-0.068548
-0.070307
-0.074290
-0.078168
-0.082574
-0.083634
-0.085988
-0.085713
-0.083979
-0.079574
-0.079068
-0.081577
-0.086676
-0.092389
-0.098232
-0.108139
-0.130022
-0.153924
-0.175287
-0.192734
-0.220792
-0.248462
-0.285348
-0.327686
-0.380478
-0.442057
-0.492440
-0.544563
-0.588271
-0.636987
-0.688400
