1.561525
0.985978
0.741142
0.782796
0.577228
0.381751
0.227927
0.139343
0.088939
0.060230
0.044437
0.039633
0.042009
0.046768
0.053213
0.067410
0.083303
0.096281
0.106613
0.114649
0.120787
0.125677
0.126435
0.125575
0.124026
0.120001
0.113299
0.104651
0.093653
0.079584
0.066367
0.052421
0.036387
0.018278
0.000691
-0.017565
-0.035446
-0.053802
-0.073802
-0.092539
-0.108592
-0.125053
-0.139865
-0.151107
-0.159587
-0.166478
-0.169708
-0.171846
-0.173249
-0.175305
-0.174745
-0.174316
-0.173879
-0.174998
-0.176428
-0.179482
-0.186119
-0.194620
-0.206736
-0.221140
-0.238107
-0.256822
-0.281966
-0.306693
-0.339196
-0.374651
-0.410557
-0.448293
-0.486982
-0.526780
-0.560758
-0.597671
-0.635808
