1.460741
0.974625
0.812956
0.940315
0.805245
0.613525
0.462442
0.390232
0.359619
0.348040
0.343187
0.341292
0.338308
0.337153
0.339393
0.342454
0.343891
0.342781
0.339213
0.332160
0.322776
0.310930
0.297469
0.283984
0.269973
0.255201
0.239104
0.218245
0.194036
0.171381
0.146993
0.121558
0.096054
0.076434
0.057414
0.040944
0.029761
0.018949
0.006431
-0.006215
-0.019920
-0.033682
-0.048458
-0.060008
-0.076034
-0.094965
-0.115217
-0.135200
-0.157435
-0.182654
-0.210825
-0.239520
-0.265722
-0.289443
-0.313852
-0.334853
-0.357236
-0.380760
-0.401954
-0.426088
-0.449200
-0.473792
-0.495956
-0.518121
-0.540979
-0.567657
-0.589737
-0.618601
-0.654900
-0.694560
-0.744774
-0.801654
-0.863720
