1.521244
0.985556
0.739237
0.908776
0.744878
0.513765
0.352577
0.277413
0.236488
0.216263
0.209970
0.206852
0.202975
0.203022
0.202486
0.198407
0.192636
0.183916
0.173066
0.160869
0.150968
0.140606
0.128190
0.118485
0.105409
0.094917
0.089297
0.087578
0.087461
0.088343
0.089473
0.089500
0.088184
0.085528
0.083929
0.083625
0.082512
0.078269
0.070773
0.064311
0.058551
0.054921
0.049624
0.043441
0.037600
0.030994
0.023689
0.014492
0.000916
-0.010334
-0.025027
-0.043584
-0.066801
-0.091262
-0.115705
-0.144739
-0.173683
-0.202450
-0.236408
-0.276382
-0.324233
-0.378850
-0.436590
-0.502357
-0.575185
-0.651435
-0.723849
-0.801812
-0.878368
-0.963471
-1.044625
-1.135115
-1.227146
