1.235099
0.669887
0.463693
0.654099
0.495408
0.227307
0.030809
-0.062445
-0.072735
-0.052318
-0.031953
-0.014134
0.004752
0.021416
0.032030
0.038288
0.044051
0.049286
0.053938
0.056883
0.058297
0.056726
0.054244
0.050640
0.046127
0.040241
0.034217
0.027151
0.018970
0.009380
-0.000783
-0.011906
-0.024083
-0.038836
-0.053733
-0.069108
-0.086357
-0.104195
-0.124897
-0.144766
-0.161883
-0.175053
-0.183825
-0.189404
-0.192487
-0.193535
-0.194210
-0.195873
-0.195095
-0.195213
-0.194554
-0.193398
-0.192372
-0.192505
-0.192903
-0.192150
-0.192755
-0.193490
-0.196288
-0.200695
-0.207912
-0.214384
-0.223804
-0.235200
-0.249379
-0.265536
-0.282733
-0.300960
-0.325368
-0.354591
-0.387160
-0.428140
-0.479132
