1.304773
0.716971
0.456840
0.569274
0.492335
0.233885
0.033727
-0.082308
-0.129485
-0.140197
-0.124165
-0.113948
-0.063598
-0.003909
0.049168
0.107759
0.171548
0.225067
0.265961
0.290232
0.311418
0.329678
0.343572
0.356019
0.365436
0.368166
0.366734
0.362311
0.351742
0.334052
0.315782
0.295502
0.272993
0.248657
0.222859
0.195878
0.169836
0.143133
0.116634
0.083284
0.060269
0.027548
0.000850
-0.032607
-0.066360
-0.102469
-0.126463
-0.156903
-0.180339
-0.202432
-0.239773
-0.268126
-0.291200
-0.333307
-0.378214
-0.411941
-0.427742
-0.444773
-0.474410
-0.502610
-0.529536
-0.558006
-0.587865
-0.606046
-0.631982
-0.658986
-0.686668
-0.728592
-0.770475
-0.800908
-0.850312
-0.907926
-0.983785
