1.393736
0.863515
0.615685
0.772112
0.555309
0.330922
0.155832
0.057246
0.001706
-0.030356
-0.047650
-0.050016
-0.045354
-0.039981
-0.035354
-0.029600
-0.025471
-0.021983
-0.020984
-0.020566
-0.021552
-0.021303
-0.021037
-0.019937
-0.019081
-0.015499
-0.010530
-0.007657
-0.003870
0.001239
0.006450
0.011751
0.017251
0.023371
0.027761
0.032721
0.035204
0.036729
0.038598
0.038332
0.035049
0.028849
0.020175
0.009948
-0.001817
-0.014005
-0.026586
-0.037150
-0.050372
-0.063408
-0.078271
-0.091903
-0.104160
-0.117282
-0.131163
-0.145476
-0.161847
-0.179069
-0.199493
-0.221855
-0.246745
-0.274595
-0.302317
-0.335916
-0.371386
-0.407438
-0.443049
-0.484238
-0.523344
-0.569509
-0.619717
-0.675944
-0.730633
