1.503173
0.952052
0.664810
0.596075
0.486340
0.298664
0.161571
0.073846
0.022142
-0.010277
-0.030530
-0.046706
-0.052817
-0.056889
-0.059720
-0.065480
-0.070545
-0.069154
-0.071925
-0.075809
-0.081071
-0.086315
-0.093927
-0.104111
-0.115224
-0.126858
-0.139596
-0.152944
-0.165762
-0.176729
-0.184761
-0.187907
-0.189017
-0.189565
-0.189488
-0.186999
-0.183777
-0.174997
-0.160223
-0.142431
-0.120789
-0.098924
-0.076715
-0.053236
-0.028351
-0.006115
0.015564
0.033953
0.048460
0.060782
0.069031
0.079134
0.078077
0.071184
0.061422
0.045406
0.022940
-0.007605
-0.044264
-0.087511
-0.137859
-0.189478
-0.252876
-0.317718
-0.394943
-0.472445
-0.553091
-0.606744
-0.666691
-0.704786
-0.757473
-0.795305
-0.832813
