1.084875
0.589611
0.427911
0.599929
0.549990
0.316948
0.134802
0.028724
-0.025486
-0.049930
-0.048201
-0.039998
-0.030364
-0.017115
0.001607
0.021278
0.038645
0.055905
0.074760
0.096788
0.117170
0.138206
0.159398
0.176256
0.190808
0.203359
0.213262
0.221735
0.226904
0.227892
0.222204
0.216387
0.208559
0.196435
0.185737
0.176376
0.163255
0.152109
0.138402
0.122588
0.107344
0.089102
0.066820
0.047040
0.027405
0.008545
-0.011900
-0.040110
-0.069265
-0.101676
-0.151418
-0.205506
-0.255312
-0.311540
-0.362538
-0.407903
-0.493592
-0.554734
-0.651939
-0.692607
-0.762980
-0.843848
-0.897046
-0.956189
-0.990105
-1.030286
-1.069379
-1.065976
-1.084445
-1.059165
-1.122482
-1.182011
-1.248784
