1.149141
0.684989
0.475741
0.550057
0.563739
0.414246
0.281004
0.202613
0.152538
0.130303
0.117622
0.107110
0.106685
0.112296
0.123832
0.139434
0.158344
0.175039
0.191138
0.204021
0.214759
0.222481
0.228774
0.234075
0.236724
0.236924
0.235159
0.230943
0.223082
0.211484
0.194194
0.175003
0.154675
0.136291
0.116974
0.098555
0.078561
0.057390
0.034765
0.008323
-0.020901
-0.056346
-0.095602
-0.135029
-0.172807
-0.212887
-0.254075
-0.294987
-0.332042
-0.374227
-0.409758
-0.446340
-0.472510
-0.496732
-0.521422
-0.532900
-0.550207
-0.555522
-0.560341
-0.560767
-0.565368
-0.566592
-0.570508
-0.565150
-0.564819
-0.571330
-0.582671
-0.598302
-0.603493
-0.630663
-0.661665
-0.682747
-0.714929
