1.014105
0.416642
0.179863
0.207288
0.237340
0.066673
-0.009321
-0.043304
-0.061042
-0.061231
-0.040139
-0.029310
-0.025236
-0.032267
-0.037065
-0.043751
-0.055305
-0.070066
-0.093607
-0.121683
-0.141296
-0.162895
-0.190708
-0.216856
-0.241348
-0.260031
-0.276587
-0.277162
-0.270273
-0.262135
-0.251491
-0.240985
-0.231046
-0.219424
-0.209689
-0.200667
-0.191304
-0.187901
-0.185309
-0.179485
-0.174087
-0.189884
-0.188657
-0.189764
-0.182295
-0.165181
-0.134196
-0.094957
-0.071538
-0.037449
-0.001566
0.031805
0.060794
0.084591
0.091970
0.109053
0.135131
0.145045
0.143021
0.140326
0.146766
0.058725
-0.003681
-0.045703
-0.160396
-0.237115
-0.326992
-0.519725
-0.512827
-0.363457
-0.347595
-0.341442
-0.341518
