1.449885
0.885254
0.618811
0.637238
0.620393
0.375864
0.189806
0.099087
0.046876
-0.025466
-0.037268
-0.041943
-0.032050
-0.025695
-0.036217
-0.049134
-0.053076
-0.042884
-0.021455
-0.013214
-0.007935
-0.002924
-0.000578
0.003884
0.010805
0.017532
0.024039
0.031946
0.040071
0.047534
0.051052
0.051046
0.051948
0.054875
0.051311
0.050422
0.053517
0.049880
0.051538
0.052649
0.053384
0.054521
0.057256
0.063567
0.067914
0.070898
0.073562
0.072710
0.028654
0.023505
0.017367
0.008783
-0.005254
-0.017582
-0.036773
-0.051323
-0.068406
-0.089956
-0.112899
-0.131260
-0.146365
-0.165232
-0.187105
-0.203793
-0.240270
-0.273548
-0.327406
-0.384421
-0.428917
-0.455364
-0.476309
-0.501110
-0.533470
