1.156829
0.713755
0.348996
0.455619
0.380924
0.224464
0.081560
0.002970
-0.047237
-0.085082
-0.110656
-0.129739
-0.141516
-0.147938
-0.153632
-0.151661
-0.149718
-0.137518
-0.120780
-0.106151
-0.096036
-0.088827
-0.082208
-0.074772
-0.072897
-0.074190
-0.079318
-0.083305
-0.093214
-0.111870
-0.134587
-0.155230
-0.170491
-0.186196
-0.200590
-0.215237
-0.225360
-0.219316
-0.211395
-0.205331
-0.200339
-0.196280
-0.188432
-0.177843
-0.170837
-0.171902
-0.176372
-0.178708
-0.171452
-0.157879
-0.137695
-0.119069
-0.100847
-0.080880
-0.058265
-0.039840
-0.020552
-0.002204
0.017432
0.032420
0.041818
0.045613
0.040319
0.030903
0.014668
0.006036
-0.008162
-0.033029
-0.055340
-0.088318
-0.136267
-0.199526
-0.261911
