1.552335
1.063142
0.924060
1.082062
1.034487
0.773679
0.557101
0.439858
0.382012
0.338289
0.318002
0.308591
0.302361
0.302697
0.298612
0.288985
0.276033
0.265178
0.255849
0.256956
0.256481
0.255162
0.255433
0.255429
0.260134
0.263626
0.265819
0.267690
0.268698
0.267148
0.259940
0.247623
0.222778
0.187818
0.150445
0.102357
0.032704
-0.053419
-0.134750
-0.200524
-0.235435
-0.247077
-0.240867
-0.224646
-0.209363
-0.196281
-0.182595
-0.168987
-0.157244
-0.148803
-0.145934
-0.149337
-0.157298
-0.166231
-0.183634
-0.208306
-0.236161
-0.263004
-0.286638
-0.330729
-0.362161
-0.384640
-0.408636
-0.422859
-0.435170
-0.446817
-0.453719
-0.465518
-0.476958
-0.483113
-0.492793
-0.519725
-0.556082
