1.408934
0.754527
0.556420
0.286937
0.171166
0.074127
0.041332
-0.007271
-0.011383
-0.070601
-0.066602
-0.079159
-0.049543
-0.067209
-0.046792
-0.030306
-0.022793
-0.023335
-0.026931
-0.041340
-0.063648
-0.091825
-0.130286
-0.169444
-0.211282
-0.271481
-0.317018
-0.358924
-0.398069
-0.419735
-0.421172
-0.408326
-0.387561
-0.355605
-0.319202
-0.273087
-0.222659
-0.180118
-0.141761
-0.105176
-0.071439
-0.037082
-0.003558
0.031071
0.054130
0.069299
0.078285
0.087030
0.088565
0.090454
0.110307
0.106039
0.141385
0.123477
0.106074
0.092019
0.082245
0.066144
0.050401
0.025614
0.001887
-0.019970
-0.047359
-0.079402
-0.108453
-0.132813
-0.119737
-0.162682
-0.201138
-0.243505
-0.279140
-0.307436
-0.346084
