1.501213
0.895481
0.664385
0.683710
0.698945
0.500504
0.327438
0.207402
0.151991
0.148304
0.156487
0.174212
0.188684
0.210265
0.233189
0.250554
0.262384
0.274336
0.283709
0.288484
0.289960
0.289193
0.280549
0.267861
0.255659
0.237093
0.215608
0.196681
0.172160
0.140330
0.113840
0.092014
0.072148
0.052706
0.037268
0.026332
0.022179
0.013447
0.002904
-0.010182
-0.025690
-0.037181
-0.050904
-0.067583
-0.090171
-0.111235
-0.126560
-0.137848
-0.143458
-0.148389
-0.143961
-0.158379
-0.157554
-0.170140
-0.183156
-0.191142
-0.204369
-0.217119
-0.235454
-0.216605
-0.246736
-0.274198
-0.301161
-0.332764
-0.370546
-0.424427
-0.480492
-0.494919
-0.496487
-0.544110
-0.580542
-0.650330
-0.708171
