1.352600
0.799016
0.585481
0.578503
0.697907
0.605939
0.515997
0.434100
0.380248
0.351125
0.342894
0.330700
0.283319
0.252101
0.211734
0.199110
0.195393
0.195597
0.199438
0.201260
0.198344
0.194574
0.196279
0.198685
0.201833
0.206425
0.206154
0.189224
0.163076
0.149973
0.135902
0.127256
0.120544
0.110163
0.093994
0.044020
0.031744
0.020214
0.002982
-0.024068
-0.043675
-0.058770
-0.072399
-0.087350
-0.100808
-0.115225
-0.112745
-0.122335
-0.137124
-0.148772
-0.151706
-0.148398
-0.154269
-0.165043
-0.170867
-0.186804
-0.152019
-0.176715
-0.197402
-0.236144
-0.311115
-0.392004
-0.452654
-0.535532
-0.620987
-0.612088
-0.643692
-0.680172
-0.662622
-0.719344
-0.759573
-0.814824
-0.868413
