1.609650
1.051797
0.844588
0.889049
0.766892
0.446019
0.259851
0.157723
0.087625
0.034100
0.003989
-0.012238
-0.015836
-0.005378
0.006252
0.019445
0.028046
0.036878
0.049000
0.060939
0.068180
0.071592
0.074758
0.074710
0.075362
0.073837
0.070319
0.062375
0.048999
0.039702
0.029138
0.019802
0.009697
0.006086
0.001308
-0.005666
-0.011499
-0.025052
-0.037093
-0.047558
-0.057744
-0.067852
-0.069508
-0.073942
-0.068057
-0.070945
-0.078569
-0.088962
-0.102137
-0.121637
-0.143336
-0.157893
-0.175851
-0.195893
-0.223884
-0.235144
-0.247462
-0.260323
-0.282462
-0.304080
-0.319437
-0.335789
-0.341716
-0.361231
-0.384462
-0.416705
-0.450222
-0.501342
-0.550411
-0.599936
-0.660405
-0.714448
-0.777631
