1.364954
0.859599
0.661995
0.623482
0.509747
0.481638
0.431005
0.385077
0.370868
0.370480
0.380866
0.388456
0.386917
0.384509
0.386318
0.389850
0.388007
0.380714
0.369549
0.356322
0.340631
0.319478
0.294530
0.267487
0.237829
0.206299
0.176389
0.147660
0.118229
0.086278
0.050338
0.016166
-0.012357
-0.035895
-0.059033
-0.080911
-0.101080
-0.122941
-0.139880
-0.157615
-0.177588
-0.199326
-0.218766
-0.237330
-0.254374
-0.271678
-0.287297
-0.301029
-0.314225
-0.332018
-0.350637
-0.359600
-0.376380
-0.395233
-0.413028
-0.430462
-0.448531
-0.465791
-0.482202
-0.498146
-0.513156
-0.523447
-0.545514
-0.560961
-0.586588
-0.623236
-0.653740
-0.687992
-0.701695
-0.725603
-0.743545
-0.774621
-0.803867
