1.391849
0.875488
0.652284
0.680917
0.486408
0.273282
0.113574
0.056883
0.040611
0.039447
0.037161
0.037802
0.038290
0.038099
0.036126
0.029411
0.022109
0.012175
0.001043
-0.010820
-0.023629
-0.034678
-0.043913
-0.052410
-0.059240
-0.066008
-0.069284
-0.072986
-0.074045
-0.075160
-0.074936
-0.072939
-0.070693
-0.069688
-0.068282
-0.067699
-0.067993
-0.068866
-0.069222
-0.069847
-0.069837
-0.070634
-0.073174
-0.074631
-0.077030
-0.081682
-0.087449
-0.092760
-0.097872
-0.104634
-0.113325
-0.123118
-0.134389
-0.146182
-0.158230
-0.171392
-0.185036
-0.199245
-0.211335
-0.220657
-0.231760
-0.246238
-0.260105
-0.275724
-0.295013
-0.316410
-0.340587
-0.369778
-0.400509
-0.439881
-0.477786
-0.518899
-0.568148
