1.606282
1.080717
0.871869
0.996011
0.853228
0.634875
0.470939
0.376885
0.315265
0.264486
0.225114
0.198086
0.171425
0.144134
0.121836
0.099942
0.082752
0.071368
0.058214
0.045312
0.032910
0.020986
0.008442
-0.005208
-0.020112
-0.036214
-0.054199
-0.072216
-0.092237
-0.112541
-0.134644
-0.157640
-0.182226
-0.204007
-0.223088
-0.238372
-0.248443
-0.253095
-0.252960
-0.250850
-0.246233
-0.241445
-0.235424
-0.229770
-0.222345
-0.212073
-0.206126
-0.200489
-0.199360
-0.195181
-0.198132
-0.196078
-0.205601
-0.214424
-0.224646
-0.240210
-0.251523
-0.275859
-0.314682
-0.276648
-0.290060
-0.300050
-0.349363
-0.394104
-0.380862
-0.431240
-0.428784
-0.464692
-0.608092
-0.629554
-0.722249
-0.789361
-0.826270
