1.435606
0.869316
0.648690
0.806266
0.594835
0.380616
0.215808
0.121716
0.068329
0.040618
0.020219
-0.001594
-0.013277
-0.022942
-0.034545
-0.044890
-0.053369
-0.061342
-0.069125
-0.075985
-0.081567
-0.085823
-0.087937
-0.090352
-0.091303
-0.091682
-0.086878
-0.079274
-0.069588
-0.055555
-0.041887
-0.027199
-0.012909
-0.000260
0.011016
0.019733
0.026894
0.033561
0.039695
0.042162
0.040373
0.035242
0.028024
0.018858
0.006353
-0.008670
-0.026185
-0.046184
-0.069272
-0.093547
-0.116215
-0.141274
-0.163197
-0.180368
-0.196832
-0.212787
-0.228043
-0.244389
-0.257911
-0.270556
-0.283731
-0.301972
-0.320698
-0.341369
-0.365201
-0.388667
-0.415282
-0.443727
-0.474608
-0.511094
-0.545172
-0.586674
-0.634006
