1.490570
0.956236
0.751276
0.886102
0.663263
0.467975
0.294641
0.201374
0.161013
0.144966
0.157180
0.183467
0.213221
0.231239
0.240555
0.245444
0.248487
0.250207
0.248284
0.239619
0.227076
0.211733
0.193386
0.174478
0.153822
0.126565
0.093064
0.058593
0.027492
-0.000435
-0.025450
-0.046621
-0.065921
-0.082426
-0.097531
-0.112513
-0.127195
-0.141588
-0.152843
-0.163975
-0.174293
-0.181682
-0.186723
-0.193569
-0.194299
-0.192243
-0.188510
-0.184636
-0.181145
-0.176975
-0.172480
-0.168964
-0.164683
-0.161717
-0.160104
-0.159961
-0.164257
-0.172968
-0.182964
-0.194916
-0.211619
-0.234866
-0.264983
-0.300431
-0.341642
-0.397031
-0.444641
-0.490090
-0.541207
-0.596648
-0.656215
-0.714471
-0.765300
