1.223857
0.700313
0.444639
0.577647
0.523901
0.319011
0.184017
0.105418
0.057299
0.025042
0.008279
-0.001266
-0.004083
-0.004121
-0.002855
0.000733
0.005311
0.013036
0.021997
0.030380
0.041909
0.054939
0.066702
0.078042
0.088473
0.097699
0.105792
0.112535
0.117682
0.121240
0.122243
0.120774
0.117998
0.112098
0.103650
0.091256
0.078583
0.063972
0.047114
0.026919
0.004673
-0.020047
-0.045511
-0.068704
-0.091711
-0.112011
-0.131909
-0.152362
-0.175148
-0.200239
-0.224013
-0.248217
-0.271561
-0.292574
-0.306621
-0.332242
-0.360113
-0.380885
-0.411026
-0.448879
-0.491388
-0.514915
-0.534194
-0.568019
-0.595948
-0.622780
-0.648463
-0.680818
-0.690825
-0.736439
-0.811156
-0.886992
-0.970312
