2008  1 13 1050 31.595  -68.731 105.1 3.8
2008  1 14 2044 30.112  -69.176 100.6 3.6
2008  1 16 2117 31.246  -68.985 102.4 3.0
2008  1 17 0941 30.984  -69.189 102.4 3.0
2008  1 17 1946 30.801  -69.128 105.3 3.0
2008  1 18 1147 31.670  -67.183 122.3 2.7
2008  1 21 1253 31.174  -68.358 102.5 4.3
2008  1 21 1655 31.116  -68.449 102.2 3.3
2008  1 22 1344 31.324  -68.651 103.4 3.0
2008  1 23 0853 30.144  -69.379  17.4 4.0
2008  1 25 0446 30.729  -67.472  33.7 2.6
2008  1 25 0653 30.724  -67.463  33.9 2.3
2008  1 26 0513 30.748  -68.906 107.8 3.8
2008  1 28 0638 31.790  -68.877  20.4 2.7
2008  1 28 0940 31.794  -68.881  20.0 3.3
2008  1 28 1046 30.063  -68.779  93.9 2.8
2008  1 28 1734 30.844  -69.160  99.6 3.3
2008  1 29 0645 31.607  -67.273 112.6 2.7
2008  1 29 0901 31.145  -69.037 101.4 3.2
2008  1 30 1713 30.242  -68.877  31.9 3.0
2008  1 31 0532 31.263  -68.492 103.6 2.9
2008  1 31 0746 31.427  -69.244 107.4 3.1
2008  1 31 1127 31.338  -68.616 105.1 3.2
2008  1 31 1441 31.692  -69.161 103.1 3.7
2008  2  1 0051 31.924  -69.213 104.0 3.0
2008  2  1 0842 31.658  -69.078 104.9 3.2
2008  2  1 1009 31.591  -68.677 100.9 3.2
2008  2  3 1808 32.161  -69.107 114.1 3.1
2008  2  3 1823 31.910  -68.475 111.2 3.4
2008  2  4 0410 31.655  -66.967 127.2 2.0
2008  2  5 0140 31.563  -69.542 110.2 3.2
2008  2  5 0709 31.738  -67.802  27.3 2.8
2008  2  5 1006 31.751  -67.635  36.6 2.9
2008  2  6 2120 31.620  -68.109 109.2 3.6
2008  2  9 0223 32.093  -69.336 109.7 3.5
2008  2 12 0953 31.821  -68.311 106.3 2.9
2008  2 13 0929 31.363  -68.874 106.9 3.5
2008  2 13 1856 31.254  -68.722 101.1 2.4
2008  2 14 1312 31.304  -69.044 102.6 2.5
2008  2 16 0103 31.188  -67.852  15.5 3.8
2008  2 16 0338 31.603  -69.692 105.2 3.3
2008  2 16 0459 31.868  -68.365 111.6 2.7
2008  2 17 0742 31.332  -68.903 107.9 3.2
2008  2 18 0851 31.540  -68.945 103.5 4.9
2008  2 19 1553 31.667  -69.705 102.5 3.8
2008  2 19 1750 31.102  -67.823  99.4 1.8
2008  2 22 0841 30.851  -68.988  99.6 3.9
2008  2 22 1526 31.663  -70.119 110.9 3.1
2008  2 22 2135 31.427  -69.243 110.2 3.7
2008  2 23 0811 30.925  -66.817  26.7 1.9
2008  2 24 2220 30.438  -69.398  21.3 4.0
2008  2 24 2321 31.547  -68.978 110.5 4.0
2008  2 25 2355 31.727  -69.534  41.6 3.4
2008  2 26 1229 31.986  -69.393 116.1 4.5
2008  2 28 0635 31.410  -69.058 111.5 4.1
2008  3  5 0511 31.470  -69.366 109.8 3.0
2008  3  5 0530 30.530  -67.518  38.4 2.7
2008  3  5 1019 31.286  -68.006  18.4 2.8
2008  3  5 1125 30.229  -68.789  98.3 2.3
2008  3  8 0428 31.523  -68.753 106.5 3.3
2008  3  8 0608 31.623  -68.962 106.1 3.4
2008  3 11 0158 31.769  -69.787 102.2 3.0
2008  3 11 1442 30.804  -69.132 105.7 3.4
2008  3 11 2350 31.662  -68.140 108.3 4.3
2008  3 12 1053 30.490  -69.589 112.5 2.5
2008  3 13 0020 30.702  -68.389  33.9 2.5
2008  3 14 0502 31.518  -69.817 101.5 2.9
2008  3 14 1232 31.827  -67.968 111.3 3.2
2008  3 14 1315 31.339  -68.833 104.6 2.8
2008  3 14 1345 31.253  -68.715 101.5 2.8
2008  3 14 1359 31.290  -68.667 102.4 2.8
2008  3 14 1659 31.621  -67.742  30.5 2.8
2008  3 16 1323 31.417  -67.768  29.1 2.2
2008  3 17 0025 31.331  -68.805 101.1 2.8
2008  3 18 0305 32.058  -68.551 120.7 4.2
2008  3 18 0836 31.188  -68.628 100.7 2.1
2008  3 19 0545 31.160  -68.010  26.7 2.4
2008  3 20 0651 30.792  -69.151 104.8 3.4
2008  3 20 1900 31.611  -69.389 111.7 2.8
2008  3 25 0453 31.630  -69.476 105.0 3.6
2008  3 25 2010 32.212  -69.069 110.6 3.6
2008  3 26 0149 30.044  -67.750 105.9 2.1
2008  3 26 2304 31.255  -68.707 102.3 3.7
2008  3 28 0018 30.285  -68.996  29.6 2.8
2008  3 28 1553 31.245  -69.415 103.6 3.0
2008  4  1 1409 31.698  -69.264 107.3 4.1
2008  4  3 0734 31.097  -68.448 100.5 2.4
2008  4  3 1415 31.692  -69.444 105.4 3.7
2008  4  3 1502 32.077  -68.503 112.1 2.9
2008  4  4 1701 31.245  -68.167  35.9 2.6
2008  4  6 1815 31.598  -69.003 103.5 3.5
2008  4  7 0656 31.769  -68.366  19.9 2.4
2008  4  7 0842 31.876  -69.466  31.3 3.3
2008  4  7 1524 30.567  -68.475  31.1 2.7
2008  4  9 0413 30.303  -68.729  98.4 3.4
2008  4  9 0837 31.272  -69.292 103.4 3.5
2008  4 10 1903 30.559  -67.658  23.3 3.3
2008  4 11 0114 31.203  -69.063 101.6 3.2
2008  4 11 1213 30.224  -68.408  21.3 3.0
2008  4 13 2252 31.225  -68.786  35.6 2.8
2008  4 16 1339 31.933  -67.266 124.6 3.4
2008  4 16 1358 30.254  -69.420  21.8 3.0
2008  4 17 1536 31.285  -68.963 103.3 3.4
2008  4 17 1747 31.208  -68.405 102.0 3.0
2008  4 17 2359 31.264  -68.420 103.5 3.9
2008  4 18 1207 31.348  -69.005 106.4 3.7
2008  4 18 1224 31.226  -68.519 103.9 2.5
2008  4 19 0734 31.334  -68.911 108.9 3.6
2008  4 20 0724 31.548  -69.059 107.1 4.0
2008  4 21 1846 31.265  -69.143 101.6 3.7
2008  4 22 1212 31.580  -67.920  24.4 3.1
2008  4 23 1900 31.823  -69.621 105.7 3.4
2008  4 23 2111 31.495  -67.754  30.6 3.4
2008  4 23 2133 31.368  -69.056 108.4 3.5
2008  4 24 0319 31.395  -68.632 107.6 3.0
2008  4 24 0724 31.161  -69.243  99.6 3.0
2008  4 24 1124 31.249  -68.970 103.2 3.9
2008  4 25 0040 31.623  -68.374 106.8 2.4
2008  4 25 0425 30.630  -68.500  34.0 2.6
2008  4 25 0431 31.591  -68.757  22.0 3.7
2008  4 25 1048 31.845  -69.548 107.8 3.6
2008  4 26 0200 30.473  -66.551  19.1 2.1
2008  4 26 1612 31.448  -66.458 135.6 2.2
2008  4 27 2050 31.120  -68.568 102.8 2.8
2008  4 28 0040 31.682  -68.547 101.9 3.7
2008  4 28 1552 31.095  -67.845 100.3 2.1
2008  4 29 0146 32.078  -68.416 117.6 2.8
2008  5  1 1522 31.305  -68.921 108.0 3.8
2008  5  2 2002 31.450  -68.879 100.4 3.4
2008  5  3 0753 31.878  -69.625 112.2 3.4
2008  5  3 0937 31.285  -68.555 103.8 3.7
2008  5  4 1634 31.272  -68.676 105.9 2.7
2008  5  5 1922 31.942  -70.009 111.3 2.8
2008  5  6 0611 31.740  -68.977 103.6 3.1
2008  5  6 1856 31.333  -69.253 109.6 2.8
2008  5  7 2249 30.845  -67.597  33.8 2.9
2008  5  8 0220 31.993  -68.485 113.0 3.7
2008  5  8 0906 30.712  -69.477 103.2 3.0
2008  5  8 1151 31.616  -70.001 105.3 3.1
2008  5 10 0644 31.184  -68.848 104.0 3.5
2008  5 11 0612 31.556  -68.017  29.2 2.7
2008  5 13 0421 30.907  -66.766  24.8 2.1
2008  5 13 1148 31.177  -67.472 107.5 2.4
2008  5 14 1004 31.655  -69.081 105.9 3.9
2008  5 15 0518 31.548  -68.857  19.8 3.0
2008  5 15 1428 31.157  -68.956  99.3 2.1
2008  5 15 1428 31.537  -69.496 108.4 2.1
2008  5 15 1447 31.310  -68.568  19.9 2.5
2008  5 16 1521 31.090  -68.613 102.4 2.5
2008  5 19 1012 30.381  -68.789 108.5 3.1
2008  5 19 1203 31.720  -68.888 105.4 3.1
2008  5 19 1913 31.198  -68.384 103.4 3.2
2008  5 20 0802 31.365  -69.282 103.6 3.2
2008  5 20 1922 31.672  -67.964  29.5 3.6
2008  5 21 1107 32.269  -67.546 131.8 3.4
2008  5 21 1323 31.508  -68.631 103.6 2.6
2008  5 23 1152 31.701  -67.131 120.2 2.8
2008  5 23 2246 31.880  -68.653  21.7 3.4
2008  5 24 0556 31.437  -67.992  23.1 2.6
2008  5 24 2128 31.179  -68.930 104.7 2.9
2008  5 25 0405 31.181  -68.377 102.0 2.7
2008  5 25 0930 31.753  -67.671  34.6 2.6
2008  5 25 1054 31.396  -68.797 108.7 3.6
2008  5 26 0649 31.222  -68.395 101.9 2.8
2008  5 26 1315 31.660  -68.231  32.3 2.7
2008  5 27 1126 31.240  -69.006 107.9 2.7
2008  5 27 1248 31.485  -69.433 106.5 3.1
2008  5 27 1525 31.307  -69.019 107.5 2.7
2008  5 28 2245 31.474  -68.543 102.3 2.8
2008  5 29 0302 31.577  -69.386 105.6 3.0
2008  5 29 0320 31.294  -69.322 104.2 2.3
2008  5 29 0322 31.151  -68.181  38.3 2.5
2008  5 29 0548 31.037  -68.966 102.1 3.0
2008  5 30 0735 31.463  -68.549 102.9 2.8
2008  5 30 2328 30.605  -67.240  32.5 3.1
2008  6  1 0408 31.287  -67.938  33.4 3.0
2008  6  1 1126 30.887  -67.315  26.8 2.5
2008  6  1 1834 30.200  -68.082  95.0 2.6
2008  6  3 0933 31.046  -68.864 104.4 2.7
2008  6  3 1202 30.277  -67.422  37.3 3.8
2008  6  3 2100 31.579  -69.139 104.6 3.1
2008  6  4 1015 31.082  -69.021  98.1 3.3
2008  6  6 0300 31.383  -69.357 107.1 2.8
2008  6  6 1622 30.509  -69.291 105.9 3.9
2008  6  6 2242 32.013  -68.419  24.9 3.2
2008  6  8 0403 31.890  -69.465 104.6 3.4
2008  6  8 0919 31.493  -69.218 110.4 2.9
2008  6  8 2226 30.775  -68.949 109.4 2.8
2008  6  9 0330 31.307  -68.928 102.7 3.6
2008  6 10 1013 31.326  -68.796 107.5 2.7
2008  6 11 1545 31.301  -68.774 104.1 3.0
2008  6 11 1618 31.133  -68.010  26.6 2.5
2008  6 12 0016 30.474  -68.767 102.3 3.0
2008  6 12 1903 31.065  -68.463 100.9 2.7
2008  6 12 2140 30.587  -68.303  40.1 2.4
2008  6 12 2316 31.192  -68.493 105.3 2.5
2008  6 13 1932 31.189  -68.436 102.7 3.6
2008  6 14 0220 31.595  -69.126 104.9 2.9
2008  6 14 0913 31.241  -68.453 100.1 2.7
2008  6 14 1145 30.764  -69.216 103.4 2.6
2008  6 14 1611 31.732  -68.068  29.4 2.9
2008  6 15 0350 30.979  -67.472 103.1 2.6
2008  6 15 2355 30.869  -66.854  23.3 2.8
2008  6 16 0359 31.820  -68.795  15.0 2.4
2008  6 16 1919 31.842  -68.411 109.1 3.7
2008  6 17 0545 31.182  -68.665 104.6 2.8
2008  6 17 0750 31.466  -69.105 101.7 2.8
2008  6 17 1444 31.749  -69.285 107.2 3.3
2008  6 17 1740 31.974  -68.467 112.3 2.7
2008  6 18 0253 31.844  -69.304 108.6 3.7
2008  6 18 1101 31.759  -69.570 106.2 4.8
2008  6 18 1511 31.531  -67.619  36.5 2.9
2008  6 18 2120 31.014  -68.989  99.6 2.6
2008  6 19 1057 31.487  -69.336 104.9 2.8
2008  6 20 0143 31.929  -69.949  99.5 3.6
2008  6 21 2053 31.487  -69.369 106.9 2.6
2008  6 22 2212 30.449  -69.476  28.6 2.6
2008  6 22 2308 31.239  -68.898 103.9 4.0
2008  6 23 0008 31.675  -67.114 127.9 2.8
2008  6 23 0619 31.534  -69.472 110.2 3.7
2008  6 23 0902 31.680  -67.137 125.1 3.4
2008  6 23 1407 30.810  -68.814  98.9 2.4
2008  6 23 2256 31.193  -69.100 104.3 3.5
2008  6 25 0456 31.450  -69.206 102.7 3.2
2008  6 25 1557 31.611  -68.647 104.1 2.5
2008  6 26 0924 31.343  -69.262 108.9 3.4
2008  6 26 1024 31.293  -68.827 106.6 2.7
2008  6 27 0443 31.468  -69.317 106.6 3.6
2008  6 27 0827 31.580  -66.548 141.9 2.6
2008  6 28 0940 31.592  -69.557 106.2 2.7
2008  6 28 2318 31.594  -67.824  16.8 2.5
2008  6 28 2332 31.776  -69.969 100.2 3.1
2008  6 29 1124 31.393  -68.626 102.3 2.8
2008  6 29 1347 31.670  -69.728 104.1 3.3
2008  6 29 1611 31.220  -68.397 102.2 3.8
2008  6 29 1812 31.532  -69.354 106.4 3.7
2008  6 29 2303 30.437  -68.700 102.2 2.4
2008  6 30 1012 31.288  -68.904 103.1 2.6
2008  7  1 0106 32.003  -68.152 114.3 2.9
2008  7  1 0119 31.674  -68.799  20.0 3.3
2008  7  1 1026 31.175  -68.437 102.3 2.8
2008  7  1 1033 31.997  -68.297  27.9 2.7
2008  7  2 0714 31.159  -68.519 100.0 3.5
2008  7  3 0952 30.056  -68.770  93.4 2.8
2008  7  3 1042 31.319  -68.971 105.1 2.6
2008  7  4 0354 30.966  -69.073 108.9 3.3
2008  7  4 0733 31.537  -67.393 109.6 2.7
2008  7  4 1128 30.902  -68.969 106.0 2.5
2008  7  5 0744 31.640  -68.727 103.2 2.6
2008  7  6 0148 31.244  -68.501 106.0 2.7
2008  7  6 0722 31.182  -68.452 103.5 2.9
2008  7  6 0951 31.351  -68.550 103.7 2.7
2008  7  6 1257 31.044  -66.790  21.9 2.1
2008  7  7 0206 31.658  -67.118 124.3 3.0
2008  7  7 1452 31.867  -68.473 106.5 3.1
2008  7  7 1502 31.795  -68.313 113.4 2.9
2008  7  7 1917 31.489  -68.642 106.4 3.5
2008  7  8 0733 31.973  -68.308  21.4 2.9
2008  7  8 0850 31.171  -69.294 111.6 3.3
2008  7  8 1222 31.777  -68.407 107.6 3.0
2008  7  8 1824 30.350  -67.224  34.2 4.2
2008  7  8 2206 31.957  -67.807  28.0 2.7
2008  7 10 0646 31.151  -68.217 102.3 2.8
2008  7 10 0718 31.421  -69.393 106.5 2.9
2008  7 11 0148 31.159  -68.779 101.4 2.8
2008  7 11 0350 31.271  -68.126  32.2 2.4
2008  7 11 0852 32.108  -69.297 110.2 3.5
2008  7 11 0944 31.665  -68.173  29.3 2.7
2008  7 11 1634 30.583  -68.985 100.5 3.0
2008  7 11 1640 31.814  -68.329 111.8 2.9
2008  7 11 1943 31.694  -68.598  24.3 2.8
2008  7 12 2140 31.415  -70.042 103.8 3.7
2008  7 13 0534 31.783  -68.392 105.0 2.7
2008  7 14 0012 31.427  -69.177 103.3 3.7
2008  7 14 0438 31.365  -68.604 103.3 2.5
2008  7 14 2354 31.095  -68.552 101.2 2.7
2008  7 15 0132 30.797  -67.314  33.6 2.4
2008  7 15 1231 31.173  -68.480 104.4 2.9
2008  7 15 1708 31.677  -68.159  32.0 2.6
2008  7 16 0544 30.729  -69.507 108.8 2.5
2008  7 16 1319 31.203  -68.744 105.8 2.7
2008  7 17 0423 31.206  -68.442 104.1 3.7
2008  7 17 2032 31.157  -69.238 103.3 3.0
2008  7 18 0333 31.584  -69.806 104.1 2.9
2008  7 18 1011 31.565  -68.743 106.4 2.9
2008  7 19 0804 31.380  -69.432 112.0 3.3
2008  7 19 2055 31.220  -69.173 101.8 2.6
2008  7 20 0721 31.050  -67.600  24.2 2.2
2008  7 20 1608 31.275  -69.274 108.9 2.6
2008  7 21 0308 31.565  -69.285 105.0 4.9
2008  7 21 0549 31.542  -68.748 107.8 2.6
2008  7 21 1848 31.109  -68.804 100.1 3.9
2008  7 22 0235 30.438  -69.346  20.0 2.9
2008  7 22 0440 30.613  -68.977 105.0 2.6
2008  7 24 0402 31.302  -68.692 105.8 3.4
2008  7 24 0720 31.242  -68.489 101.8 2.7
2008  7 26 0453 30.239  -69.364 100.8 3.0
2008  7 27 0419 31.487  -67.997 102.4 2.1
2008  7 27 1559 31.514  -69.577 112.0 2.9
2008  7 28 0220 31.363  -68.690 103.0 2.8
2008  7 28 0547 31.175  -68.923 105.3 3.7
2008  7 28 0618 31.318  -69.142 109.1 2.5
2008  7 29 0513 30.452  -68.856  98.0 2.4
2008  7 29 1010 31.705  -69.861 102.4 3.5
2008  7 29 1022 31.187  -68.410 102.6 3.0
2008  7 29 1612 31.361  -68.277  97.8 2.8
2008  7 31 0338 31.217  -68.468 102.1 3.0
2008  7 31 1006 31.685  -69.898 100.7 2.3
2008  7 31 1758 30.682  -68.872 104.7 2.7
2008  8  2 0030 31.212  -68.513  36.1 2.4
2008  8  2 0236 31.538  -69.870 111.7 2.9
2008  8  2 1628 31.239  -68.834 107.5 2.7
2008  8  2 2232 31.726  -69.391 105.3 3.2
2008  8  3 0016 30.630  -68.410  28.0 2.9
2008  8  3 1447 31.759  -69.866 106.9 2.9
2008  8  3 1810 30.353  -69.432  25.9 2.9
2008  8  4 0428 31.168  -68.725 103.4 4.2
2008  8  4 0605 31.646  -67.063 123.3 2.7
2008  8  5 0638 30.333  -69.344  25.1 3.3
2008  8  5 1713 30.462  -68.775  99.1 3.4
2008  8  5 2247 31.268  -68.654 101.4 2.9
2008  8  6 1508 31.461  -68.630  21.8 2.6
2008  8  6 2148 30.151  -67.908  21.4 2.9
2008  8  7 0408 31.228  -68.621 106.0 3.0
2008  8  7 1821 32.157  -67.239 135.6 3.6
2008  8  7 2028 31.863  -69.379 107.1 3.9
2008  8  8 0849 31.547  -67.662  33.7 2.9
2008  8  8 1254 32.158  -68.571 113.7 2.8
2008  8  9 0225 31.452  -69.365 107.5 3.4
2008  8  9 1309 31.063  -66.825  23.8 2.5
2008  8 11 0347 31.175  -68.520 102.3 2.9
2008  8 11 1118 31.413  -69.175 101.9 2.5
2008  8 11 1450 31.555  -69.532 105.7 3.5
2008  8 12 0117 30.932  -69.647 105.4 2.5
2008  8 12 0606 31.189  -68.418 102.8 2.8
2008  8 13 1707 31.955  -69.217 104.5 3.7
2008  8 14 0247 31.862  -70.188 105.6 2.5
2008  8 14 0601 30.775  -69.824 113.1 2.7
2008  8 14 0653 31.193  -67.964  99.7 2.8
2008  8 14 0702 30.722  -69.466 110.7 2.6
2008  8 16 1540 31.971  -68.507 107.2 3.0
2008  8 16 1926 31.697  -68.173 103.9 3.0
2008  8 17 0309 32.184  -67.316 135.6 2.8
2008  8 17 0359 31.288  -68.948 104.6 2.5
2008  8 17 0547 30.941  -69.183 106.1 3.0
2008  8 17 1525 31.840  -68.401 105.6 4.2
2008  8 18 0532 30.943  -69.160 107.5 2.4
2008  8 18 1133 31.523  -68.844 105.0 2.6
2008  8 18 1156 31.961  -68.862  16.5 2.7
2008  8 18 1328 31.516  -68.807 104.8 3.8
2008  8 18 1733 31.177  -68.528 103.6 2.9
2008  8 18 1818 31.310  -68.733 106.2 2.7
2008  8 18 2334 31.466  -68.957 106.3 3.6
2008  8 20 0536 31.843  -67.785  24.6 2.5
2008  8 20 1716 31.788  -69.941  99.8 3.1
2008  8 20 2349 31.141  -68.299 108.5 2.5
2008  8 21 1321 31.037  -69.221 110.6 3.5
2008  8 22 0306 31.774  -69.532 103.3 3.2
2008  8 22 1028 31.132  -67.548  30.5 2.7
2008  8 24 0227 31.357  -68.833  33.9 3.0
2008  8 24 0827 31.582  -69.562 110.3 4.1
2008  8 25 0707 31.442  -68.146 104.2 2.5
2008  8 25 0821 31.578  -69.523 109.5 3.6
2008  8 25 1720 30.843  -68.600 105.5 2.9
2008  8 25 1915 30.841  -68.996  98.8 2.9
2008  8 25 2257 31.751  -69.724 110.4 3.2
2008  8 26 1248 31.561  -68.959 102.6 4.0
2008  8 27 0554 31.788  -69.774 105.5 3.9
2008  8 28 0822 31.669  -67.348  35.0 3.0
2008  8 29 0017 30.895  -68.969 100.5 2.6
2008  8 30 0511 31.390  -69.381 103.1 2.1
2008  8 30 2149 31.176  -68.529 104.4 2.8
2008  8 31 0307 31.288  -69.269 107.6 4.3
2008  8 31 0645 31.369  -68.117  98.6 3.0
2008  8 31 1012 31.774  -69.688 104.9 4.0
2008  9  1 1103 30.707  -66.708  19.8 2.6
2008  9  2 0321 31.080  -68.567 100.3 2.8
2008  9  3 0706 31.766  -69.868 106.0 3.6
2008  9  3 0947 31.249  -67.933  27.0 3.1
2008  9  3 1801 30.622  -68.945 101.7 2.8
2008  9  4 0537 31.108  -67.964  24.6 2.7
2008  9  4 1307 31.871  -69.784 100.9 3.3
2008  9  4 2226 31.015  -67.624  32.1 2.7
2008  9  5 0042 31.418  -68.591 104.6 2.8
2008  9  5 0221 30.601  -69.413  19.1 3.2
2008  9  5 0316 31.194  -68.458 101.3 3.9
2008  9  5 0637 31.339  -67.111  25.0 2.5
2008  9  5 1100 31.629  -66.876 126.3 2.0
2008  9  5 1435 31.560  -69.232 102.4 2.7
2008  9  6 0537 31.723  -66.665 137.7 2.7
2008  9  6 0600 31.680  -67.337  35.6 2.4
2008  9  6 0724 31.947  -67.158 127.5 3.1
2008  9  7 0413 31.779  -68.688 101.6 2.6
2008  9  7 0617 31.159  -69.191 102.8 2.6
2008  9  8 0140 31.670  -67.786  20.0 2.8
2008  9  8 0308 31.232  -68.973 109.1 2.3
2008  9  9 0436 30.871  -68.836  91.8 2.3
2008  9  9 0741 31.531  -69.413 102.4 3.3
2008  9  9 1001 31.746  -67.772  20.7 2.7
2008  9  9 1248 31.708  -70.141 108.1 2.5
2008  9  9 2201 31.262  -69.401 108.3 2.6
2008  9  9 2338 30.299  -69.373 107.6 2.8
2008  9 10 0005 31.370  -68.835 105.2 3.3
2008  9 10 0253 31.403  -69.220 105.2 3.4
2008  9 10 1415 30.682  -69.023  27.4 2.7
2008  9 10 1817 31.922  -67.878  26.8 2.6
2008  9 11 0117 31.067  -69.026 103.7 2.7
2008  9 12 0308 31.801  -69.717 105.9 3.4
2008  9 12 0320 31.279  -69.113 105.7 4.2
2008  9 12 1235 31.215  -68.775 100.0 3.1
2008  9 12 2209 31.368  -68.628  99.8 2.7
2008  9 13 0503 30.812  -68.946 100.8 2.5
2008  9 13 0632 32.142  -69.352 107.2 3.0
2008  9 14 0445 31.770  -67.902  16.8 2.9
2008  9 14 0735 30.880  -67.266  26.4 2.4
2008  9 15 0832 31.448  -69.334 106.9 3.2
2008  9 16 0031 31.481  -69.000 106.4 2.8
2008  9 16 0714 31.364  -68.614 102.9 2.6
2008  9 16 0857 31.212  -68.801 101.6 3.7
2008  9 16 1537 31.760  -67.503  35.7 2.6
2008  9 16 2257 30.903  -69.054 102.0 2.7
2008  9 16 2359 30.368  -69.384  35.8 2.6
2008  9 17 0415 31.364  -68.635 103.0 2.7
2008  9 17 2341 31.955  -66.919  31.5 3.4
2008  9 18 1140 31.202  -67.904  16.6 2.7
2008  9 18 1307 30.157  -66.776  23.0 2.7
2008  9 18 1518 31.331  -68.634  99.9 2.4
2008  9 19 2032 31.254  -68.842 101.9 2.7
2008  9 19 2321 31.523  -66.542 136.4 4.1
2008  9 19 2335 31.260  -68.479 101.1 2.4
2008  9 20 0053 31.380  -68.515 108.2 3.6
2008  9 20 0449 31.327  -68.134  34.1 2.1
2008  9 20 1247 31.086  -68.559  32.9 2.6
2008  9 21 1701 31.336  -68.891 110.2 2.9
2008  9 21 1714 31.175  -68.503  33.2 2.9
2008  9 22 0140 31.330  -68.129  33.2 2.8
2008  9 22 0513 31.645  -67.958  25.8 2.9
2008  9 22 1229 31.280  -67.915  30.1 2.8
2008  9 23 0649 31.406  -67.665  36.2 2.6
2008  9 23 0718 31.283  -67.931  24.8 2.6
2008  9 24 2250 30.118  -67.549  29.2 3.6
2008  9 24 2312 31.505  -66.460 137.9 2.6
2008  9 25 0044 31.680  -66.959 125.4 2.1
2008  9 25 0843 31.563  -67.734  31.8 2.7
2008  9 25 1134 30.346  -69.412  28.5 2.7
2008  9 25 1336 30.970  -69.105 111.0 2.8
2008  9 25 1456 31.379  -68.724 106.2 3.6
2008  9 26 0645 31.183  -68.022  27.7 2.6
2008  9 27 0214 32.060  -68.531 108.9 2.8
2008  9 27 0700 31.196  -68.483 100.9 2.8
2008  9 27 0700 30.478  -69.392  17.3 2.6
2008  9 27 0804 31.715  -68.746  13.2 4.2
2008  9 29 1025 31.537  -68.624 109.3 2.6
2008  9 29 1635 31.485  -68.837 103.6 2.9
2008  9 30 0651 31.110  -68.293  25.9 2.6
2008  9 30 0711 31.917  -68.445  17.9 2.8
2008  9 30 1010 31.260  -68.376  36.6 2.2
2008  9 30 1220 31.000  -67.723  30.1 2.6
2008 10  1 0043 30.009  -68.755  96.0 2.9
2008 10  2 0857 31.157  -66.821  20.0 2.2
2008 10  2 2239 31.186  -68.948 101.8 2.6
2008 10  4 2127 31.820  -67.305 122.5 2.9
2008 10  5 1325 31.320  -67.614 104.0 2.9
2008 10  6 0532 31.318  -69.006 110.1 2.8
2008 10  6 0649 31.810  -68.459 102.0 3.0
2008 10  6 1222 32.116  -68.527 116.8 2.9
2008 10  7 0410 31.091  -68.368 101.5 2.7
2008 10  7 0634 30.670  -67.085  34.0 2.7
2008 10  7 0931 31.502  -66.536 131.0 2.4
2008 10  7 1606 31.321  -68.357 107.3 2.8
2008 10  9 0743 31.498  -68.709  23.2 2.7
2008 10  9 1039 32.166  -69.366 113.0 3.6
2008 10  9 1528 31.310  -68.626 103.9 2.8
2008 10 10 0622 31.168  -68.407 106.0 2.9
2008 10 10 1826 31.331  -68.061 103.1 4.6
2008 10 10 2207 31.652  -68.157  31.2 2.5
2008 10 11 2342 31.206  -68.773 103.9 2.7
2008 10 11 2344 31.571  -68.998 102.8 2.7
2008 10 12 0156 31.226  -68.433 101.2 4.1
2008 10 13 0203 31.067  -68.492  30.8 2.4
2008 10 13 1149 31.788  -68.356  20.6 2.9
2008 10 14 0100 30.899  -69.872 106.7 2.8
2008 10 14 0259 29.989  -67.795 107.4 2.2
2008 10 14 1710 31.154  -68.180  37.6 2.7
2008 10 15 0837 31.218  -69.047 106.4 2.3
2008 10 16 0105 31.798  -69.538 100.5 3.1
2008 10 17 1902 31.295  -68.969 101.5 2.7
2008 10 18 0152 31.419  -67.954 112.1 2.9
2008 10 18 0444 31.534  -67.914  28.8 2.5
2008 10 18 0506 31.235  -68.769 105.0 2.0
2008 10 19 0205 31.684  -67.756  22.0 2.7
2008 10 19 0354 31.725  -68.930 110.6 2.5
2008 10 19 0722 31.763  -69.863 107.4 4.0
2008 10 19 0827 31.761  -69.865 107.2 2.9
2008 10 20 0632 31.314  -68.353 104.9 4.5
2008 10 21 1010 32.121  -68.973 111.0 4.9
2008 10 21 1101 32.011  -68.269 112.8 2.9
2008 10 22 0702 30.736  -68.019  91.7 1.8
2008 10 23 0046 31.505  -68.710 103.2 2.9
2008 10 23 0204 31.658  -66.628 141.2 2.5
2008 10 24 0322 30.702  -68.624  90.5 2.2
2008 10 24 0323 31.157  -68.464  98.2 2.8
2008 10 24 0446 30.113  -69.021  28.5 2.9
2008 10 24 1159 31.050  -68.497  97.6 2.9
2008 10 24 1811 31.762  -69.406 107.1 2.4
2008 10 24 1819 31.375  -67.804  22.1 2.8
2008 10 24 1850 31.138  -68.487 102.4 2.9
2008 10 26 0809 31.127  -66.811  21.0 2.3
2008 10 27 0157 31.585  -68.990 104.0 2.8
2008 10 27 1101 31.324  -69.137 109.5 2.8
2008 10 28 0458 31.539  -69.340 105.6 2.8
2008 10 29 2231 31.956  -68.329 112.8 2.6
2008 10 31 0552 31.209  -68.378  99.8 2.7
2008 11  1 0209 31.194  -68.357 100.9 2.8
2008 11  1 0220 31.584  -67.057 125.0 2.9
2008 11  1 1323 32.102  -68.554 116.6 3.1
2008 11  2 0304 31.346  -68.856 104.4 2.8
2008 11  2 0746 32.003  -68.426 112.8 3.0
2008 11  3 0856 31.097  -68.483 101.5 2.7
2008 11  3 1241 31.351  -68.857  99.8 2.4
2008 11  4 0333 31.428  -69.384 105.6 2.5
2008 11  4 1336 31.287  -68.314 101.6 2.7
2008 11  6 0025 31.580  -66.490 134.2 2.8
2008 11  6 0814 30.241  -68.944 106.0 2.8
2008 11  6 0843 31.226  -68.141 103.2 3.4
2008 11  6 1459 31.152  -68.892 102.0 2.1
2008 11  6 1515 30.132  -67.513  30.4 2.8
2008 11  7 0751 31.234  -68.662 103.9 2.7
2008 11  7 0924 31.680  -70.096  97.9 3.3
2008 11  7 1126 31.568  -69.441   7.9 4.6
2008 11  8 0034 31.669  -68.151  31.3 2.5
2008 11  8 0157 31.541  -69.322 109.9 2.4
2008 11  8 0629 31.370  -69.377 107.4 2.8
2008 11  8 1806 31.413  -68.681 102.2 3.1
2008 11  8 2054 30.482  -69.355  18.9 3.1
2008 11  9 2246 31.611  -69.505 110.3 2.8
2008 11 10 0529 31.210  -68.547 104.3 2.7
2008 11 11 0527 30.701  -68.375  29.6 2.5
2008 11 11 0813 30.330  -67.444  30.5 2.5
2008 11 11 1809 31.214  -68.857 102.0 2.8
2008 11 11 1945 31.215  -68.406 101.5 2.8
2008 11 12 0106 31.468  -69.090 104.9 2.8
2008 11 12 1937 31.174  -68.591  33.4 2.4
2008 11 13 0011 31.413  -69.285 104.5 2.9
2008 11 13 0835 31.570  -69.601 107.5 3.4
2008 11 13 0904 30.222  -67.854  96.7 2.0
2008 11 13 1112 31.232  -65.838 167.2 4.4
2008 11 13 1249 31.184  -68.646 104.8 2.8
2008 11 13 1936 31.936  -69.974 103.6 2.2
2008 11 14 0217 30.060  -68.765  92.0 2.7
2008 11 14 0902 31.685  -69.322 113.7 3.6
2008 11 14 1128 31.166  -68.386 101.9 2.7
2008 11 14 1539 32.161  -68.292 118.6 3.0
2008 11 15 1329 31.409  -68.469 105.8 3.0
2008 11 15 2219 31.319  -68.135  35.4 2.8
2008 11 15 2244 31.362  -68.621 104.2 2.6
2008 11 16 0155 31.712  -68.342 108.1 2.9
2008 11 17 1557 31.302  -68.772 103.8 2.8
2008 11 18 0006 31.880  -67.322 125.5 3.3
2008 11 18 0658 31.744  -69.769 107.4 2.5
2008 11 18 1615 31.173  -66.752  21.9 2.2
2008 11 18 1636 31.376  -68.670 103.6 2.7
2008 11 19 0201 31.810  -68.360 108.3 2.8
2008 11 19 0539 31.188  -68.088  30.1 2.8
2008 11 19 1538 31.774  -67.782  18.7 2.8
2008 11 20 1412 31.266  -68.735  97.8 2.3
2008 11 20 1442 31.190  -68.386  99.2 2.6
2008 11 21 0304 31.429  -68.599 100.9 2.5
2008 11 21 0400 32.042  -68.456 119.4 4.0
2008 11 21 0706 31.478  -69.269 110.2 2.7
2008 11 21 0728 31.391  -68.629 105.3 3.0
2008 11 21 1613 31.405  -68.605  19.7 2.7
2008 11 22 0717 31.925  -66.929 132.9 2.7
2008 11 23 2217 31.301  -68.808 109.6 2.9
2008 11 24 0801 31.079  -67.842  21.0 2.6
2008 11 24 1054 30.222  -67.945  26.0 3.3
2008 11 25 0605 31.409  -66.235 146.9 3.2
2008 11 25 0733 30.178  -69.030 100.4 2.8
2008 11 26 1651 30.795  -69.683 114.5 3.2
2008 11 27 0811 31.493  -69.266 110.7 2.4
2008 11 27 0812 31.510  -68.273 105.6 2.4
2008 11 27 1941 31.170  -68.353  35.9 2.4
2008 11 28 0253 31.189  -68.416 101.3 2.7
2008 11 28 1857 31.634  -69.322 111.5 2.9
2008 11 29 1833 31.816  -68.386 107.1 2.7
2008 11 30 0811 31.249  -68.347 102.7 3.0
2008 11 30 1040 31.568  -69.329 105.3 2.8
2008 11 30 2159 31.083  -69.241 110.1 2.7
2008 12  1 0110 31.573  -66.550 131.5 2.6
2008 12  1 0441 31.945  -68.679 100.8 2.7
2008 12  1 1333 31.300  -68.836 102.9 2.9
2008 12  2 0435 31.312  -68.614 102.5 2.8
2008 12  2 0843 31.215  -68.524 106.1 2.6
2008 12  2 1023 31.221  -68.951 106.7 2.6
2008 12  2 1416 31.230  -68.748 105.2 3.0
2008 12  2 2222 31.873  -67.282 122.5 2.5
2008 12  3 1421 31.288  -67.837  23.7 4.0
2008 12  3 2035 31.312  -69.467  22.4 2.8
2008 12  4 0436 31.239  -68.032  26.6 2.6
2008 12  4 1433 31.282  -68.897 106.1 2.7
2008 12  5 1209 31.174  -68.404 102.6 2.6
2008 12  5 1617 30.182  -67.419  22.6 2.8
2008 12  5 2025 31.195  -68.559 104.0 2.4
2008 12  5 2223 30.461  -65.383 185.9 3.8
2008 12  5 2358 31.705  -68.347 105.6 2.7
2008 12  6 0258 31.266  -68.966 106.3 2.0
2008 12  6 0423 31.180  -69.488  21.8 3.0
2008 12  6 2359 31.451  -66.874 126.3 2.1
2008 12  7 0127 31.819  -67.887  18.5 3.0
2008 12  7 0718 31.454  -68.578 102.2 2.7
2008 12  7 1525 31.237  -68.616 102.9 2.2
2008 12  7 2216 31.563  -69.892 114.2 3.2
2008 12  8 0328 31.581  -68.896 109.8 2.7
2008 12  8 0931 31.376  -67.932  27.6 2.5
2008 12  8 1213 31.287  -68.777  98.2 2.7
2008 12  8 1405 31.291  -68.696 103.2 3.1
2008 12  9 0344 31.454  -66.406 144.0 3.4
2008 12  9 1115 30.257  -66.746   7.1 2.4
2008 12  9 1204 30.595  -69.404  18.5 2.7
2008 12 10 0109 31.621  -70.066 107.9 3.2
2008 12 10 0542 31.437  -68.741  22.8 2.5
2008 12 10 2131 31.323  -68.650 105.5 3.0
2008 12 11 2127 30.753  -68.860 108.5 2.8
2008 12 12 0054 31.427  -68.855 106.4 2.6
2008 12 12 1543 31.787  -66.676 136.8 3.1
2008 12 12 2129 31.465  -69.012 101.8 2.8
2008 12 13 0219 31.326  -69.269 110.5 2.7
2008 12 13 1110 31.188  -68.384 102.1 2.5
2008 12 13 1313 31.530  -67.879  35.6 2.9
2008 12 13 1511 31.077  -68.963 105.2 2.6
2008 12 14 1635 31.645  -69.141 109.0 2.7
2008 12 14 1943 31.183  -68.447 101.5 2.6
2008 12 14 2141 31.203  -68.290  34.8 2.3
2008 12 16 0555 31.259  -68.586 101.0 2.2
2008 12 17 0724 31.814  -66.711 136.4 2.5
2008 12 17 1111 31.320  -68.721 103.5 2.4
2008 12 17 1534 30.882  -68.841 106.3 3.1
2008 12 17 1955 31.204  -68.774  95.6 2.8
2008 12 18 0443 30.848  -69.037  97.0 2.4
2008 12 18 0848 31.382  -67.954  27.8 2.6
2008 12 18 1412 31.281  -68.627 104.8 2.7
2008 12 18 1723 31.421  -69.126 103.9 3.2
2008 12 19 1356 31.363  -68.763 103.2 3.2
2008 12 20 1707 31.610  -68.284 110.9 5.5
2008 12 21 2113 31.507  -67.750  28.0 2.8
2008 12 22 0554 31.442  -68.891 101.0 2.7
2008 12 23 0535 31.421  -68.081 104.1 4.7
2008 12 23 0645 31.551  -68.722 104.6 2.8
2008 12 23 0716 30.829  -68.968  93.3 2.6
2008 12 23 1140 31.938  -69.121 111.5 3.4
2008 12 23 1507 31.510  -69.421 110.4 3.0
2008 12 23 1831 31.244  -68.740 101.5 2.6
2008 12 23 2038 31.586  -66.562 131.6 2.2
2008 12 23 2149 31.749  -67.841  24.1 2.8
2008 12 24 0651 31.215  -68.845 102.5 2.6
2008 12 24 0805 31.181  -68.439 101.2 4.1
2008 12 24 0848 31.132  -68.601 102.9 2.6
2008 12 24 0854 31.855  -69.807 100.8 2.9
2008 12 25 0323 31.236  -68.956 103.5 2.9
2008 12 25 1435 30.107  -67.873  23.6 2.8
2008 12 25 1628 30.291  -68.755 104.1 2.7
2008 12 26 0101 31.518  -69.004 107.7 2.3
2008 12 26 0505 30.635  -68.887 101.4 2.7
2008 12 26 0905 30.176  -68.860  26.4 3.1
2008 12 26 1810 30.457  -68.749  99.5 2.6
2008 12 27 0630 31.009  -69.902 108.4 2.8
2008 12 27 1823 31.493  -68.830 108.3 2.8
2008 12 28 1725 31.227  -69.133 109.5 2.3
2008 12 31 1537 32.075  -68.553 115.8 3.2
2008 12 31 2117 31.221  -69.064 106.6 2.3
2008 12 31 2134 30.629  -69.272 112.4 2.9
2009  1  1 1919 31.299  -68.690 107.2 2.9
2009  1  2 0016 31.723  -67.179 120.9 1.9
2009  1  2 0441 31.226  -68.769 101.9 2.5
2009  1  2 0959 30.306  -66.541  14.5 2.7
2009  1  3 0452 31.589  -68.206  33.4 2.8
2009  1  3 1223 31.904  -67.565 109.5 2.0
2009  1  3 2036 31.265  -67.747  30.0 2.9
2009  1  3 2204 31.383  -68.353 102.2 2.7
2009  1  4 1620 32.015  -68.532 113.0 2.9
2009  1  5 0418 31.269  -68.662 101.6 2.5
2009  1  5 0420 32.204  -68.385 119.6 2.8
2009  1  5 0711 31.801  -68.364  19.8 2.7
2009  1  5 0859 30.138  -66.862  23.4 2.2
2009  1  6 0004 31.057  -66.847  25.7 2.4
2009  1  6 0437 31.203  -69.036 104.5 2.3
2009  1  6 1918 31.155  -67.965  98.7 2.0
2009  1  6 1919 31.327  -68.631 102.0 2.4
2009  1  6 2334 31.211  -68.369 102.8 1.9
2009  1  7 0257 32.261  -67.457 142.4 2.5
2009  1  7 0942 31.323  -68.628 104.1 2.8
2009  1  7 2236 29.733  -66.804 118.8 3.4
2009  1  8 0204 31.230  -69.213 112.0 2.9
2009  1  8 0407 31.574  -67.898  23.8 2.6
2009  1  8 0807 30.287  -69.407 115.8 3.1
2009  1  8 1428 31.796  -69.171 113.9 2.5
2009  1  9 1810 31.057  -66.828  25.6 2.5
2009  1 10 0431 31.267  -68.685 100.9 2.6
2009  1 10 0841 31.526  -69.848 109.1 3.2
2009  1 10 1340 31.306  -68.280 103.0 4.0
2009  1 11 0527 31.595  -69.435   6.4 4.9
2009  1 11 1426 31.084  -67.825  22.1 3.2
2009  1 11 1840 31.155  -68.440 102.9 3.0
2009  1 11 2214 31.022  -68.461  98.4 2.3
2009  1 12 1108 31.337  -68.813  33.5 2.7
2009  1 13 0051 31.162  -68.497 104.3 2.7
2009  1 13 0835 30.554  -69.344  23.0 2.8
2009  1 13 1144 31.811  -69.888 103.5 2.9
2009  1 13 1628 29.998  -68.743  95.3 3.1
2009  1 14 0408 30.811  -69.748 112.0 2.4
2009  1 14 1151 31.536  -67.930  35.8 2.6
2009  1 15 0654 31.052  -68.883 103.6 2.4
2009  1 15 0706 31.026  -67.524  24.6 2.6
2009  1 15 1741 30.846  -69.216 100.9 2.9
2009  1 16 0804 31.540  -69.471 106.3 2.9
2009  1 16 1112 31.486  -66.537 135.9 3.5
2009  1 18 0306 31.054  -68.432  28.1 2.5
2009  1 18 1454 30.325  -69.508  33.3 3.3
2009  1 18 1748 31.353  -69.416 109.7 2.5
2009  1 18 2348 30.353  -68.757  98.7 2.5
2009  1 19 0023 31.836  -67.755  27.7 3.0
2009  1 19 1223 31.209  -69.078 100.6 2.4
2009  1 19 2354 30.304  -68.713  98.3 2.4
2009  1 20 0043 31.811  -68.401 106.3 2.2
2009  1 21 1003 31.324  -68.611  99.3 1.8
2009  1 21 1040 31.616  -69.531 107.9 4.3
2009  1 21 1839 30.756  -67.437  33.8 2.0
2009  1 21 1841 31.524  -67.994  27.2 2.5
2009  1 21 2011 30.210  -67.577  26.4 3.0
2009  1 22 0110 31.812  -68.119  29.7 2.9
2009  1 22 0609 31.609  -67.911 106.5 2.5
2009  1 23 1422 31.316  -68.833 105.4 2.6
2009  1 24 0035 31.193  -68.675 102.8 2.4
2009  1 24 1114 31.926  -68.119 112.4 2.4
2009  1 25 1345 31.205  -68.872 101.9 2.6
2009  1 25 1951 31.133  -68.493 103.7 2.5
2009  1 26 0254 31.793  -68.339 111.9 3.2
2009  1 26 1358 30.945  -69.108 109.5 3.0
2009  1 26 1702 31.836  -68.062 106.9 2.8
2009  1 26 1950 31.264  -69.065 106.2 2.8
2009  1 27 0207 31.337  -69.124 105.9 2.8
2009  1 27 1115 31.640  -67.113 123.3 2.0
2009  1 27 1455 31.331  -68.668 106.4 2.8
2009  1 28 1854 30.698  -66.791  20.2 2.1
2009  1 29 1638 31.403  -68.688 111.5 4.0
2009  1 29 1731 31.030  -69.308 106.2 2.7
2009  1 29 1921 31.087  -68.230  97.3 2.8
2009  1 30 1538 30.872  -68.927 101.4 2.3
2009  1 31 0247 31.380  -68.500 105.0 2.6
2009  1 31 1923 31.917  -67.310 129.7 2.8
2009  2  1 0221 31.543  -69.015 113.2 2.9
2009  2  1 0346 31.271  -67.587 105.6 3.1
2009  2  1 0457 31.318  -68.990 104.6 4.1
2009  2  1 0940 31.515  -68.805 101.8 2.1
2009  2  2 1839 31.462  -68.021  26.5 2.9
2009  2  3 0851 30.185  -68.624  94.3 2.6
2009  2  4 0135 32.318  -67.886 118.9 2.9
2009  2  4 0452 30.932  -69.126 109.0 2.4
2009  2  5 0828 32.034  -67.303 132.0 3.1
2009  2  5 1605 31.255  -68.733 102.5 2.3
2009  2  5 2142 31.658  -68.242  33.0 3.9
2009  2  7 0200 31.160  -68.630 101.9 3.2
2009  2  7 0325 31.133  -68.493 102.6 3.0
2009  2  7 1853 31.665  -69.973 108.9 3.1
2009  2  9 1618 31.394  -69.297  98.5 2.8
2009  2 10 0258 31.418  -68.786  27.2 2.4
2009  2 10 0449 30.345  -69.442  29.7 2.6
2009  2 10 1859 31.290  -67.821  27.1 2.4
2009  2 10 1923 30.052  -68.762  22.2 3.0
2009  2 11 0141 31.747  -67.321  35.6 3.2
2009  2 11 0900 31.646  -69.366 115.3 3.0
2009  2 12 0310 30.764  -69.119 105.6 2.9
2009  2 12 0559 31.817  -68.335 105.4 3.0
2009  2 12 0748 31.355  -68.665 103.8 2.8
2009  2 13 0133 31.295  -68.986 108.3 2.7
2009  2 13 1407 31.354  -68.932 103.2 2.6
2009  2 13 2226 31.454  -68.539 102.7 2.5
2009  2 13 2232 31.198  -68.481 102.5 2.6
2009  2 13 2250 31.079  -69.200 102.2 2.5
2009  2 13 2250 30.598  -67.120  26.4 2.4
2009  2 14 0139 31.445  -69.181 101.8 2.2
2009  2 14 0711 31.265  -68.660 102.5 2.9
2009  2 15 0123 31.187  -69.031 108.1 2.2
2009  2 15 1649 31.451  -69.343 104.8 2.4
2009  2 15 2008 30.784  -67.240  24.2 2.5
2009  2 16 0909 31.508  -69.451 104.9 1.8
2009  2 16 1209 31.542  -69.399 108.0 2.8
2009  2 16 2155 30.635  -69.015  29.1 2.4
2009  2 17 0929 31.201  -68.872 102.2 2.2
2009  2 17 1344 31.837  -68.981 104.0 2.6
2009  2 17 1449 30.477  -65.454 180.6 5.0
2009  2 17 2326 31.169  -67.959  29.7 2.2
2009  2 18 0154 31.253  -68.974 101.1 2.8
2009  2 18 0235 31.545  -69.521 106.7 2.7
2009  2 18 0753 31.911  -68.469 106.6 2.6
2009  2 19 0138 31.414  -68.563 100.5 3.1
2009  2 19 0844 31.813  -66.956 127.2 2.5
2009  2 19 1540 31.754  -69.731 114.2 2.7
2009  2 20 0253 31.121  -66.768  24.0 2.5
2009  2 20 1013 30.389  -68.622 100.7 2.8
2009  2 20 2252 31.369  -67.961  30.5 2.5
2009  2 22 0650 31.757  -67.129 125.2 2.8
2009  2 22 0650 31.745  -67.143 124.7 2.8
2009  2 22 1636 31.469  -68.898 102.8 2.3
2009  2 24 1236 31.488  -66.148 148.3 2.1
2009  2 25 2326 31.774  -67.218 122.5 2.1
2009  2 25 2327 31.793  -68.377  18.9 2.4
2009  2 25 2338 31.187  -68.489 101.2 3.3
2009  2 26 2306 31.480  -67.336  31.8 2.8
2009  2 27 0515 31.811  -68.363 107.6 2.6
2009  2 27 0516 31.324  -68.907  99.0 3.6
2009  2 27 0655 31.558  -66.904 126.2 2.8
2009  2 27 2025 31.782  -70.129 104.6 2.8
2009  2 28 0715 31.226  -68.673 102.2 2.2
2009  2 28 1520 31.279  -68.622 104.8 2.3
2009  3  1 0124 31.775  -67.103 129.3 2.0
2009  3  2 1113 31.334  -68.118  39.3 2.7
2009  3  3 2349 31.567  -69.219 102.9 2.5
2009  3  4 0726 31.322  -69.186 105.1 2.2
2009  3  5 1652 31.498  -67.716  21.1 2.9
2009  3  7 1136 31.818  -66.944 128.5 2.4
2009  3  7 1448 31.195  -68.154  95.3 1.8
2009  3  8 0617 30.717  -69.707 107.8 2.6
2009  3  8 1243 31.666  -69.385  20.5 3.3
2009  3 10 0312 31.755  -70.131 108.7 2.6
2009  3 11 0755 31.810  -67.019 128.3 2.0
2009  3 11 1253 31.924  -69.423  21.9 2.8
2009  3 11 1306 31.957  -69.411  22.8 5.6
2009  3 11 1321 31.947  -69.405  21.6 3.3
2009  3 12 1618 32.190  -68.378 118.5 2.9
2009  3 12 1752 31.372  -69.231 109.9 2.8
2009  3 13 0324 31.543  -69.038 107.0 2.0
2009  3 13 0342 31.489  -66.853 124.4 2.6
2009  3 13 2111 31.226  -68.413 104.0 2.5
2009  3 13 2112 31.249  -68.786 104.9 2.6
2009  3 14 1600 30.375  -68.941 103.3 2.5
2009  3 14 2139 30.895  -67.513  28.8 2.9
2009  3 14 2252 31.751  -67.807  21.1 2.9
2009  3 15 1350 30.999  -65.550 184.6 5.3
2009  3 16 1846 30.974  -69.826 107.5 2.8
2009  3 18 2011 31.737  -67.779  18.8 3.0
2009  3 19 0222 32.368  -68.085 118.9 2.9
2009  3 19 0254 31.812  -68.488 103.4 2.6
2009  3 19 0326 31.661  -69.227 105.2 4.8
2009  3 19 0927 30.634  -68.838 106.7 2.8
2009  3 19 1055 31.274  -69.027 103.3 2.4
2009  3 20 0416 31.178  -68.541  34.7 2.6
2009  3 20 2046 31.767  -68.018 106.8 3.0
2009  3 20 2340 30.017  -68.017  37.0 3.2
2009  3 20 2356 30.939  -64.786  22.4 3.6
2009  3 21 1546 32.223  -68.533 122.4 3.0
2009  3 22 0807 31.914  -69.144  15.7 2.6
2009  3 22 0957 30.943  -68.537  15.1 2.6
2009  3 22 1804 31.221  -66.873  30.1 2.1
2009  3 25 0144 31.979  -68.497 110.4 2.6
2009  3 28 1831 31.572  -66.555 133.9 2.6
2009  3 29 0506 31.405  -69.199 110.5 4.5
2009  4  1 0356 31.196  -68.072  21.6 2.7
2009  4  3 0739 31.276  -66.739  27.2 2.9
2009  4  5 1133 31.103  -68.945 104.3 2.5
2009  4  5 2043 31.353  -67.524 104.3 2.2
2009  4  5 2148 31.157  -68.627 100.7 2.3
2009  4  6 1155 30.335  -68.771  96.6 2.7
2009  4  6 1829 30.943  -69.180 101.1 3.1
2009  4  9 1134 30.127  -67.596  31.2 3.0
2009  4  9 2030 31.445  -69.322  31.7 2.9
2009  4 10 0757 31.477  -68.675  16.9 2.4
2009  4 10 1857 31.180  -68.458 100.7 1.9
2009  4 11 0236 31.645  -66.948 124.7 2.9
2009  4 11 0429 31.681  -67.051 129.0 1.9
2009  4 11 0724 31.251  -68.418 104.8 2.2
2009  4 14 0042 31.324  -68.340 102.6 1.9
2009  4 17 1233 31.574  -69.631 103.6 2.1
2009  4 19 1359 31.571  -66.905 121.5 2.3
2009  4 19 1401 32.006  -68.545 107.9 2.0
2009  4 20 2004 30.032  -66.857   4.1 3.0
2009  4 27 0027 29.964  -68.674  99.7 1.8
2009  4 27 1142 31.027  -67.306 106.6 2.2
2009  5  2 0613 30.292  -68.368  91.3 1.9
2009  5  2 0614 31.370  -68.648 102.5 2.1
2009  5  2 1155 31.408  -66.509 139.8 2.7
2009  5  2 1713 29.977  -67.051  33.3 3.4
2009  5  4 2018 31.404  -67.731  26.4 2.0
2009  5  7 0947 31.360  -68.589 101.3 2.4
2009  5  7 1300 29.215  -67.287 120.7 2.4
2009  5  8 1309 30.211  -67.780  29.6 2.9
2009  5  9 0752 31.315  -66.312 142.5 3.0
2009  5 10 1535 31.300  -68.771 103.8 4.3
2009  5 10 2142 30.290  -67.913  97.7 2.4
2009  5 10 2217 31.320  -68.702  25.5 2.9
2009  5 10 2222 30.928  -68.709  25.2 2.6
2009  5 11 0233 30.848  -69.073 106.7 2.8
2009  5 11 0704 29.499  -68.063 103.5 2.4
2009  5 12 1441 30.049  -67.007  31.0 3.3
2009  5 13 0734 31.942  -65.037  20.0 3.3
2009  5 14 0054 29.873  -66.896  27.9 2.7
2009  5 14 0551 29.583  -67.527 105.4 2.3
2009  5 15 0622 31.482  -68.902 107.8 2.4
2009  5 15 0743 30.035  -67.081  31.2 2.0
2009  5 15 1027 31.243  -67.447 106.8 1.8
2009  5 15 1027 31.842  -69.056 107.5 1.9
2009  5 15 1710 29.519  -67.661 105.4 2.3
2009  5 15 1953 31.612  -68.803 102.0 2.3
2009  5 16 1045 30.289  -68.603  43.4 4.0
2009  5 16 2242 31.096  -66.925  26.9 2.2
2009  5 17 1221 31.091  -67.739 101.3 1.9
2009  5 17 2336 31.187  -68.988 102.3 2.4
2009  5 18 0018 31.525  -67.955  31.3 2.9
2009  5 21 0011 29.849  -67.674 107.2 2.2
2009  5 22 0115 31.688  -66.632 135.5 3.1
2009  5 22 0714 31.478  -68.684  21.5 2.7
2009  5 22 1337 31.677  -66.653 131.6 2.3
2009  5 23 0625 30.315  -66.301  17.4 2.3
2009  5 23 2129 29.462  -68.023  96.4 3.0
2009  5 24 0521 31.302  -68.630  97.9 1.8
2009  5 28 0152 30.423  -67.912  95.1 1.9
2009  5 28 0638 31.943  -64.952  25.9 2.7
2009  5 29 1236 29.484  -67.609 103.1 2.6
2009  5 29 2008 30.035  -67.617  24.6 2.3
2009  5 30 0151 31.488  -67.805  30.3 3.0
2009  5 30 2254 29.798  -67.736 106.5 2.2
2009  5 30 2254 31.402  -68.730 106.7 2.4
2009  6  1 1000 32.001  -66.940 137.0 2.3
2009  6  1 1021 31.450  -67.376 106.1 1.9
2009  6  1 1022 29.582  -67.705 107.3 2.3
2009  6  2 0104 31.534  -67.927  31.5 2.7
2009  6  2 0343 31.223  -68.007  23.7 2.6
2009  6  2 2211 31.471  -69.092 102.1 1.9
2009  6  4 1505 31.068  -67.771  96.3 1.9
2009  6  4 1506 32.355  -67.598  31.9 2.7
2009  6  5 0641 31.433  -68.793  23.5 2.6
2009  6  5 2336 29.414  -67.922  95.0 2.3
2009  6  6 1303 30.952  -64.773  20.1 2.3
2009  6  6 1304 31.567  -68.978 111.3 3.4
2009  6  6 1339 31.175  -64.918  17.2 2.0
2009  6  7 0903 31.169  -68.586  34.3 2.4
2009  6  7 1101 29.236  -67.193 117.9 2.5
2009  6  9 1515 31.518  -69.311 109.3 4.5
2009  6  9 2355 29.637  -67.863 108.2 2.0
2009  6 10 0958 31.458  -66.780 126.9 2.7
2009  6 13 0640 31.218  -66.553  18.9 3.1
2009  6 14 2120 29.840  -67.103  19.8 3.1
2009  6 16 0948 29.814  -66.897  27.5 2.2
2009  6 17 0628 29.355  -67.621 106.4 2.6
2009  6 18 0153 32.411  -67.775 134.9 3.3
2009  6 18 0435 31.770  -66.673 137.8 2.3
2009  6 18 0944 31.822  -66.920 133.3 2.2
2009  6 19 1959 29.740  -68.024 106.0 2.3
2009  6 19 2008 29.468  -67.205  26.9 2.5
2009  6 21 0054 31.602  -67.047 120.2 2.0
2009  6 21 1701 31.204  -68.411 100.8 2.5
2009  6 22 0519 31.386  -67.764  32.3 2.6
2009  6 22 1553 31.584  -68.043  32.6 2.7
2009  6 22 2214 30.853  -64.609  14.9 2.5
2009  6 23 0408 31.341  -69.129 108.6 2.3
2009  6 25 0800 31.538  -67.936  27.8 2.6
2009  6 25 1250 31.718  -64.950  19.4 2.5
2009  6 25 2049 31.547  -67.953  21.2 2.9
2009  6 26 1424 29.529  -67.909 101.7 3.3
2009  6 27 0924 31.535  -66.899 126.7 3.1
2009  6 29 0309 31.546  -69.549 106.2 2.9
2009  6 29 1705 31.786  -66.924 130.9 2.4
2009  6 30 0538 31.874  -68.390 111.1 3.3
2009  7  1 0038 31.387  -67.795  18.0 1.9
2009  7  1 0710 30.884  -65.354 182.8 2.5
2009  7  1 0839 31.324  -68.144  35.4 3.0
2009  7  2 1713 31.032  -67.605  25.1 2.5
2009  7  2 1723 31.479  -68.996 105.7 2.8
2009  7  3 1306 31.783  -67.155 125.3 2.9
2009  7  5 1124 29.427  -67.475 109.7 2.5
2009  7  6 0632 31.464  -66.475 131.8 2.3
2009  7  7 1030 30.293  -68.045  96.6 1.9
2009  7  8 1708 31.323  -68.910 111.8 4.8
2009  7 12 0641 31.350  -68.598 100.3 2.4
2009  7 13 0155 31.371  -68.657 107.0 2.4
2009  7 16 1036 31.852  -69.505 100.1 2.6
2009  7 16 1634 31.750  -66.981 124.9 2.7
2009  7 16 1722 31.668  -65.009  30.2 3.0
2009  7 17 0432 31.224  -68.803 101.2 2.6
2009  7 18 2103 30.572  -69.030  39.2 2.7
2009  7 19 0229 31.699  -64.962  21.3 2.6
2009  7 19 0810 31.199  -68.493 101.3 1.8
2009  7 21 0135 29.996  -67.612 104.3 2.0
2009  7 21 0257 31.468  -67.641  37.4 2.8
2009  7 22 0506 30.213  -67.928  96.3 2.4
2009  7 22 1122 29.948  -66.889  25.1 2.9
2009  7 25 1216 31.855  -69.553 107.1 4.0
2009  7 25 1930 31.012  -65.677 179.8 3.0
2009  7 26 0522 31.189  -68.322 101.0 2.5
2009  7 26 1602 31.456  -68.981 104.0 2.1
2009  7 27 0247 31.261  -65.004  18.7 2.4
2009  7 27 0607 31.144  -68.578 102.7 2.4
2009  7 29 0843 29.737  -67.386  19.3 2.0
2009  8  1 0203 30.075  -66.811  26.6 2.3
2009  8  1 2019 30.697  -64.511  16.3 2.5
2009  8  2 1545 31.626  -66.933 122.0 2.1
2009  8  4 1318 30.837  -69.261 101.0 4.2
2009  8  6 2353 30.998  -69.170 109.8 2.0
2009  8  7 0514 31.197  -69.093 103.8 2.9
2009  8 11 0810 29.501  -67.769 102.0 2.4
2009  8 11 1614 31.652  -66.482 137.1 3.2
2009  8 12 0907 31.172  -68.053  29.4 3.5
2009  8 13 1044 31.732  -66.973 122.5 2.1
2009  8 14 1552 29.894  -67.951 106.7 3.5
2009  8 14 1709 31.674  -66.969 125.5 3.0
2009  8 16 0432 31.175  -69.052 101.5 2.1
2009  8 17 0658 31.776  -66.908 128.6 2.3
2009  8 20 0247 29.886  -66.840  24.5 2.5
2009  8 21 1631 29.474  -68.032 103.8 2.4
2009  8 25 2201 30.614  -66.683  12.6 2.8
2009  8 27 0035 29.332  -67.415 112.4 2.4
2009  8 28 0922 31.882  -66.923 132.9 2.7
2009  8 30 1600 31.593  -68.966 105.2 2.2
2009  8 31 1534 30.846  -65.463 189.9 3.2
2009  9  9 1334 31.807  -69.207 112.2 2.2
2009  9 10 0607 30.942  -66.803  24.5 2.5
2009  9 11 0621 31.728  -68.088  30.3 2.9
2009  9 13 0251 31.440  -68.756 102.3 2.0
2009  9 13 0621 31.716  -65.302  21.4 2.2
2009  9 13 1916 29.886  -66.923  29.8 2.2
2009  9 18 2251 29.756  -67.686 109.2 2.1
2009  9 19 0650 30.399  -69.428  23.0 3.5
2009  9 20 0401 31.346  -68.643 102.7 2.5
2009  9 20 2117 31.661  -68.006  29.4 3.2
2009  9 21 1004 31.107  -68.883 101.1 2.3
2009  9 23 1103 30.177  -66.810   6.2 2.9
2009  9 23 1801 31.367  -68.707 102.0 2.1
2009  9 23 1809 31.317  -68.680  23.1 2.6
2009  9 23 1947 30.135  -67.869  23.4 3.2
2009  9 24 0429 30.863  -65.361 195.4 3.0
2009  9 25 0232 31.642  -66.411 136.1 2.5
2009  9 25 2012 31.505  -66.117 151.8 2.8
2009  9 25 2222 31.763  -67.874  17.9 3.3
2009  9 26 0510 29.371  -67.715 104.4 2.3
2009  9 26 0511 31.630  -69.475 103.2 2.2
2009  9 26 2308 31.342  -67.764  28.4 2.6
2009  9 27 0220 31.303  -67.766  27.8 2.9
2009  9 27 2225 31.475  -68.819 103.3 2.2
2009  9 28 1226 31.815  -67.020 128.4 2.9
2009  9 28 1728 29.858  -67.892 101.1 3.0
2009  9 30 1620 31.262  -68.680 105.7 3.8
2009 10  1 0210 31.806  -68.289 106.1 2.6
2009 10  2 2223 31.792  -67.267 124.0 3.0
2009 10  3 0351 31.735  -67.992  24.0 3.3
2009 10  4 0308 31.720  -69.492 107.1 2.0
2009 10  5 1031 31.172  -68.654  33.4 2.4
2009 10  7 0313 31.860  -69.026 107.8 2.7
2009 10  9 0326 31.361  -67.807  34.8 2.7
2009 10  9 1441 31.322  -68.127  34.2 2.8
2009 10 10 0152 31.883  -69.108 113.6 2.0
2009 10 11 1107 31.287  -68.749 100.0 2.3
2009 10 12 0322 30.877  -68.700  21.8 3.0
2009 10 12 0947 30.949  -69.121 108.5 2.5
2009 10 15 1932 29.534  -67.455 120.2 4.8
2009 10 15 2247 30.712  -66.571  21.4 3.3
2009 10 16 0710 32.031  -68.458 115.6 3.3
2009 10 17 0209 30.404  -65.391 184.0 3.9
2009 10 17 0238 31.245  -68.917 108.7 2.3
2009 10 19 0440 31.802  -66.789 137.1 3.3
2009 10 20 0721 31.235  -66.174 145.9 2.9
2009 10 20 1430 31.685  -67.079 121.3 2.3
2009 10 25 0548 31.333  -69.425  20.5 2.9
2009 10 27 1536 31.558  -66.886 122.5 2.5
2009 10 27 1841 31.494  -68.705 105.5 2.7
2009 10 28 0754 31.617  -69.610 105.2 2.3
2009 10 28 1115 31.297  -68.773 102.3 2.6
2009 10 31 1259 31.975  -67.410 127.1 3.5
2009 10 31 2116 31.816  -68.336 109.2 2.9
2009 11  1 1504 31.945  -69.011  20.6 2.6
2009 11  2 0524 31.136  -68.481 100.8 2.4
2009 11  4 0245 31.437  -67.736  20.9 3.4
2009 11  4 0618 31.375  -68.517  32.3 2.4
2009 11  5 1639 31.280  -67.887  19.1 2.8
2009 11  7 1209 30.140  -69.027  24.3 3.0
2009 11  8 1305 31.120  -68.862  99.1 2.5
2009 11 10 0020 31.744  -68.135  23.3 2.8
2009 11 10 0309 31.496  -69.504 104.5 3.1
2009 11 10 0900 30.220  -67.375  27.0 3.2
2009 11 10 1333 31.698  -68.376 110.7 3.1
2009 11 12 0007 30.686  -67.255  36.9 2.8
2009 11 12 0701 31.789  -68.136 111.1 2.8
2009 11 13 0646 31.036  -65.363 193.2 2.8
2009 11 13 2302 31.722  -66.560 136.6 2.1
2009 11 14 2158 29.733  -67.782 104.0 2.3
2009 11 15 1145 31.568  -68.666  30.3 2.8
2009 11 15 1432 31.301  -68.945  34.8 2.4
2009 11 15 2230 31.739  -68.363  22.3 2.8
2009 11 16 1926 31.598  -66.705 128.7 3.5
2009 11 17 0351 31.221  -68.650 103.3 4.2
2009 11 17 0602 31.346  -68.697  28.1 2.5
2009 11 18 0209 32.134  -67.331 135.6 3.3
2009 11 24 0013 31.277  -66.191 143.8 2.8
