sta, ptime, stime, delta, baz
CONE 14.59 25.37 27.8286 188.648
NIKI 14.85 25.73 32.7197 313.923
LAJA 14.87 25.85 34.3553 98.1235
BOZA 15.76 27.48 51.6901 35.6935
MONA 16.65 29.05 59.841 143.438
ZOND 16.75 29.37 62.8 66.0164
SECA 17.40 30.24 65.7701 99.9669
SASO 18.71 32.45 83.7699 79.5877
CHIL 18.78 32.81 85.9361 46.655
CHUC 18.75 32.30 86.2694 246.746
MAJA 19.36 33.49 95.6732 217.279
GUAL 20.26 35.09 99.3238 127.358
TUCU 20.63 35.82 101.26 151.501
DOCA 20.66 36.29 103.207 117.253
SOMB 20.78 36.21 104.874 55.0475
CLAR 22.29 38.97 116.671 44.9662
CALI 22.60 39.43 124.231 94.886
LEON 23.43 40.57 123.959 67.7229
BARR 23.61 41.88 127.038 76.3254
RINC 22.73 39.07 127.775 197.032
NOQE 23.10 39.81 131.903 261.306
CATA 23.39 39.98 133.202 318.419
LUNA 23.91 41.29 136.921 191.285
NUEV 24.35 42.20 139.104 105.853
CIGA 24.57 43.30 142.916 162.337
CASP 24.76 43.51 144.941 97.639
PACH 24.75 44.05 147.297 152.704
TOCO 25.66 44.84 148.626 122.478
ARRO 26.05 45.61 151.783 135.053
PAGA 25.32 44.06 151.527 211.466
USPA 26.15 45.35 152.883 52.1801
MALA 25.65 44.47 156.623 246.539
PATO 26.67 46.54 160.23 69.1361
ABRA 28.16 48.50 179.204 274.017
VELA 29.70 51.62 186.374 136.175
LLAN 29.01 50.19 186.624 234.125
REGU 30.47 53.24 190.315 72.6136
GUAR 32.40 56.85 205.517 74.1947
CORT 33.42 58.22 213.92 137.416
SP12 36.46 62.90 251.343 309.545
SP07 38.81 67.17 275.64 266.788
SP06 42.02 -1 302.162 264.265
SP10 42.60 74.13 307.768 285.491
SP08 46.34 80.06 339.879 273.285
SP04 49.10 84.46 360.006 258.401
