sta, ptime, stime, delta, baz
SASO 15.87 27.91 25.6756 111.197
BOZA 15.48 26.91 33.0414 301.504
CHIL 15.96 27.94 34.6949 6.76889
LAJA 15.75 27.54 38.2739 219.467
LEON 17.82 31.30 60.611 67.9539
CLAR 17.81 31.30 62.8862 22.4315
TALA 17.80 31.22 63.6753 178.677
CALI 18.46 32.32 73.9226 118.063
CONE 18.13 32.12 81.5191 229.985
NIKI 18.40 32.26 81.8018 268.378
CASP 20.20 35.50 95.4725 117.006
NUEV 20.53 36.02 97.5862 129.553
TUCU 22.63 39.45 114.049 185.06
TOCO 23.20 40.43 123.622 147.276
ARRO 25.55 45.23 140.44 159.703
CHUC 25.24 44.05 149.618 246.618
MAJA 25.45 44.40 154.075 228.881
PACH 26.20 45.98 155.674 176.638
CIGA 26.78 47.14 161.519 185.33
RINC 28.08 48.93 175.564 212.993
LUNA 28.64 50.21 180.553 208.083
NOQE 29.88 52.13 193.761 256.407
CORT 32.34 56.27 201.001 154.62
