sta, ptime, stime, delta, baz
SASO 15.21 26.48 4.88939 130.264
ZOND 15.45 27.11 22.374 288.339
SOMB 16.60 28.83 42.4427 9.89166
CHIL 16.42 28.61 43.6292 338.302
LEON 16.86 29.13 46.1809 51.2005
LAJA 16.30 28.75 50.3882 242.179
CALI 16.94 29.37 53.346 122.386
BOZA 16.48 28.64 53.7195 295.691
TALA 17.39 30.36 60.5544 198.038
CLAR 18.11 31.55 64.3634 3.37422
CASP 18.52 32.27 74.7533 119.766
NUEV 18.88 32.76 78.4809 135.442
GUAL 18.63 32.74 78.5989 179.786
PATO 19.18 33.31 81.0935 61.0306
USPA 19.69 33.94 86.626 29.0322
CONE 19.28 34.00 94.8484 240.671
NIKI 20.16 35.24 102.101 272.022
TOCO 21.69 37.75 108.351 154.501
REGU 22.25 38.84 110.053 69.0661
TUCU 22.32 38.76 111.729 195.728
GUAR 24.06 41.84 124.983 72.0345
ARRO 24.42 42.84 128.749 167.201
PACH 25.65 44.91 149.723 184.248
VELA 27.51 47.91 160.516 161.733
MAJA 26.76 46.94 166.458 235.004
CHUC 27.02 47.28 166.483 251.232
RINC 28.85 50.07 182.782 219.344
CATA 29.09 50.50 184.971 295.641
LUNA 29.15 51.04 186.027 214.462
CORT 30.89 53.67 187.363 159.381
NOQE 32.03 55.55 212.427 259.195
PAGA 32.67 57.13 216.608 226.635
MALA 34.60 60.58 236.705 249.646
COLO 36.01 63.37 249.973 224.197
ABRA 36.68 64.61 257.058 268.283
LLAN 37.68 65.89 263.426 240.583
