sta, ptime, stime, delta, baz
LAJA 14.80 26.09 29.0323 2.37392
CONE 15.13 26.20 37.6343 279.53
GUAL 16.85 29.70 53.2188 119.577
TUCU 17.24 29.91 57.2379 164.234
DOCA 17.20 30.50 60.5865 102.604
ZOND 17.20 29.85 64.3672 22.5124
NIKI 18.10 31.66 79.8602 314.909
CALI 19.57 34.34 94.2524 75.5243
CHIL 19.77 34.73 97.5924 17.7665
MAJA 19.96 34.45 100.501 244.953
TOCO 21.45 37.24 103.485 116.186
PACH 20.66 36.49 103.005 160.227
ARRO 21.50 37.68 104.65 134.493
SOMB 21.23 37.14 108.163 29.5338
BARR 21.98 38.95 111.286 54.7833
CASP 21.46 37.50 112.199 82.3503
RINC 21.32 36.91 113.147 218.517
LEON 22.32 39.45 115.45 45.3693
LUNA 21.70 37.91 117.028 210.727
VELA 24.89 43.34 139.226 136.094
PAGA 24.82 43.45 147.536 229.545
CORT 28.48 49.31 166.779 137.677
MALA 28.07 49.03 179.413 260.685
GUAR 30.70 53.75 188.533 61.3635
LLAN 30.38 52.77 199.673 247.606
