sta, ptime, stime, delta, baz
TALA 15.67 27.52 33.7106 222.14
CALI 15.98 28.09 41.5746 84.4356
ZOND 16.32 28.87 46.9088 327.631
LAJA 15.92 27.99 49.3493 280.573
NUEV 17.19 29.86 56.4631 114.386
BARR 17.48 31.15 60.6409 42.5869
CASP 17.37 30.40 61.4471 94.2001
LEON 18.08 31.66 69.497 27.6892
CHIL 18.36 32.45 75.8036 344.71
BOZA 17.92 31.30 76.5688 316.847
TOCO 19.09 33.24 78.0847 146.604
TUCU 19.37 33.77 82.3965 204.515
CONE 18.80 33.09 87.8629 260.897
ARRO 21.17 37.20 96.2032 165.062
CLAR 20.57 35.88 96.8416 359.994
NIKI 20.99 36.66 112.151 288.806
PACH 22.26 39.02 117.679 187.29
MAJA 25.50 44.55 154.031 245.887
CORT 27.32 47.47 155.781 156.398
RINC 26.34 46.02 162.018 227.811
CHUC 26.24 46.18 163.288 262.599
LUNA 26.42 46.73 162.995 222.158
NOQE 32.05 55.77 213.242 268.035
