sta, ptime, stime, delta, baz
ABRA 22.89 39.46 47.9523 52.6623
SP07 23.19 39.83 58.5588 272.999
SP06 24.41 42.03 84.7053 262.42
NOQE 24.83 43.11 86.6874 92.9167
MALA 24.69 43.23 86.8126 122.434
LLAN 26.56 46.17 114.223 144.875
SP10 27.56 47.90 128.945 321.714
SP08 27.44 47.81 128.858 287.772
CHUC 28.37 49.77 139.159 98.0895
SP04 28.64 49.68 145.777 248.963
MAJA 31.30 54.64 170.8 111.313
CATA 31.39 54.83 172.07 48.3776
SP12 31.68 55.31 178.408 7.43008
PAGA 32.09 55.99 179.447 129.757
COLO 32.70 57.15 188.767 140.087
NIKI 33.31 58.52 196.865 79.4585
RINC 34.72 60.84 209.91 121.133
CONE 35.11 61.59 213.447 93.9158
LUNA 36.40 64.06 225.448 122.413
SP03 37.34 65.16 240.873 226.15
LAJA 38.88 68.05 251.295 88.3386
BOZA 38.80 68.39 253.199 77.645
MONA 39.57 69.77 255.369 98.0897
SP02 39.26 68.36 261.609 220.6
ZOND 41.43 73.00 277.088 82.2913
TUCU 42.00 73.95 276.482 106.192
SECA 42.74 74.77 281.99 89.9742
SP01 42.03 73.45 288.171 215.897
CHIL 42.79 75.58 288.459 75.8535
CIGA 43.60 76.16 288.634 115.478
GUAL 44.54 78.48 300.207 99.3972
SASO 44.38 77.67 300.773 84.9894
PACH 45.50 80.07 308.783 112.741
DOCA 45.65 80.32 311.115 96.6967
SOMB 45.61 80.15 311.425 76.8014
CLAR 45.74 81.08 313.976 72.65
LEON 48.50 85.39 336.906 80.1858
ARRO 49.29 86.34 338.598 106.597
CALI 48.91 85.73 341.053 90.0481
BARR 49.69 87.33 343.088 83.2542
TOCO 50.22 87.50 349.634 101.464
NUEV 50.19 87.99 352.203 94.5416
USPA 50.06 88.29 353.691 72.8972
CASP 51.01 89.80 361.07 91.4877
VELA 52.44 91.35 367.934 109.723
PATO 52.20 92.16 373.05 79.6904
